302438.467 4123668.713
302439.292 4123670.782
302440.4 4123673.557
302441.688 4123676.265
302442.971 4123678.964
302443.237 4123679.508
302444.543 4123682.189
302445.849 4123684.869
302446.074 4123685.295
302447.472 4123687.929
302448.871 4123690.562
302449.867 4123692.425
302451.276 4123695.06
302451.388 4123695.261
302452.835 4123697.871
302454.282 4123700.48
302454.4922419839 4123700.817153729
302454.687 4123701.149
302454.687 4123701.149
302454.702 4123701.177
302454.702 4123701.177
302455.082 4123701.825
302455.082 4123701.825
302455.712 4123702.908
302455.712 4123702.908
302456.21 4123703.762
302456.21 4123703.762
302456.621 4123704.538
302456.621 4123704.538
302457.125 4123705.424
302457.125 4123705.424
302457.852 4123706.736
302457.852 4123706.736
302458.235 4123707.397
302458.235 4123707.397
302458.446 4123707.763
302458.446 4123707.763
302458.477 4123707.82
302458.477 4123707.82
302458.932 4123708.642
302458.932 4123708.642
302459.307 4123709.325
302459.307 4123709.325
302459.494 4123709.677
302459.494 4123709.677
302459.757 4123710.141
302459.757 4123710.141
302460.391 4123711.281
302460.391 4123711.281
302460.651 4123711.731
302460.651 4123711.731
302460.902 4123712.204
302460.902 4123712.204
302461.365 4123713.03
302461.365 4123713.03
302461.806 4123713.809
302461.806 4123713.809
302462.455 4123714.951
302462.547 4123715.113
302462.967 4123715.864
302463.058 4123716.027
302463.058 4123716.027
302463.311 4123716.484
302463.751 4123717.275
302463.751 4123717.275
302463.958 4123717.687
302464.071 4123717.911
302464.071 4123717.911
302464.339 4123718.378
302464.339 4123718.378
302464.731 4123719.084
302464.731 4123719.084
302464.996 4123719.571
302464.996 4123719.571
302465.46 4123720.413
302465.46 4123720.413
302466.183 4123721.727
302466.183 4123721.727
302466.492 4123722.287
302466.492 4123722.287
302466.708 4123722.679
302466.708 4123722.679
302467.162 4123723.503
302467.162 4123723.503
302467.528 4123724.172
302467.528 4123724.172
302467.805 4123724.663
302468.078 4123725.155
302468.351 4123725.646
302468.533 4123725.974
302468.639 4123726.169
302468.819 4123726.499
302468.819 4123726.499
302468.931 4123726.706
302468.931 4123726.706
302469.286 4123727.344
302469.478 4123727.69
302469.833 4123728.327
302470.015 4123728.655
302470.015 4123728.655
302470.326 4123729.211
302470.326 4123729.211
302470.671 4123729.832
302470.671 4123729.832
302471.075 4123730.561
302471.075 4123730.561
302471.297 4123730.965
302471.297 4123730.965
302471.842 4123731.949
302472.023 4123732.277
302472.209 4123732.606
302472.393 4123732.932
302472.393 4123732.932
302472.698 4123733.483
302472.698 4123733.483
302473.425 4123734.795
302473.425 4123734.795
302473.722 4123735.334
302473.722 4123735.334
302474.097 4123736.006
302474.097 4123736.006
302474.824 4123737.318
302474.824 4123737.318
302475.421 4123738.403
302475.421 4123738.403
302476.147 4123739.715
302476.147 4123739.715
302476.646 4123740.615
302476.646 4123740.615
302476.963 4123741.18
302476.963 4123741.18
302477.69 4123742.492
302477.69 4123742.492
302478.281 4123743.554
302478.281 4123743.554
302478.29 4123743.568
302478.29 4123743.568
302478.849 4123744.589
302478.849 4123744.589
302479.576 4123745.901
302479.576 4123745.901
302479.867 4123746.412
302479.867 4123746.412
302480.118 4123746.891
302480.118 4123746.891
302480.845 4123748.203
302480.845 4123748.203
302481.139 4123748.716
302481.139 4123748.716
302481.453 4123749.27
302481.453 4123749.27
302482.18 4123750.582
302482.18 4123750.582
302482.431 4123751.064
302482.431 4123751.064
302482.953 4123751.975
302482.953 4123751.975
302483.68 4123753.287
302483.68 4123753.287
302484.132 4123754.126
302484.132 4123754.126
302484.386 4123754.579
302484.386 4123754.579
302485.113 4123755.891
302485.113 4123755.891
302485.344 4123756.312
302485.344 4123756.312
302485.811 4123757.14
302485.811 4123757.14
302486.538 4123758.452
302486.538 4123758.452
302486.999 4123759.294
302486.999 4123759.294
302487.305 4123759.863
302487.305 4123759.863
302488.032 4123761.175
302488.032 4123761.175
302488.493 4123761.979
302488.493 4123761.979
302488.66 4123762.297
302488.66 4123762.297
302488.822 4123762.582
302488.822 4123762.582
302489.548 4123763.894
302489.548 4123763.894
302489.837 4123764.413
302489.837 4123764.413
302490.252 4123765.16
302490.252 4123765.16
302490.979 4123766.472
302490.979 4123766.472
302491.149 4123766.767
302491.149 4123766.767
302491.559 4123767.528
302491.559 4123767.528
302492.26 4123768.795
302492.26 4123768.795
302492.529 4123769.26
302492.529 4123769.26
302492.714 4123769.589
302492.714 4123769.589
302492.967 4123770.056
302492.967 4123770.056
302493.56 4123771.141
302493.56 4123771.141
302493.851 4123771.66
302493.851 4123771.66
302493.966 4123771.871
302493.966 4123771.871
302494.237 4123772.381
302494.237 4123772.381
302494.782 4123773.333
302494.782 4123773.333
302495.065 4123773.832
302495.065 4123773.832
302495.287 4123774.213
302495.287 4123774.213
302495.895 4123775.275
302495.895 4123775.275
302496.212 4123775.843
302496.212 4123775.843
302496.42 4123776.232
302496.42 4123776.232
302496.864 4123776.934
302496.864 4123776.934
302497.189 4123777.503
302497.189 4123777.503
302497.509 4123778.084
302497.742 4123778.507
302497.817 4123778.644
302497.947 4123778.872
302498.1154487275 4123779.133442633
302498.1154487275 4123779.133442633
302498.3527319864 4123779.52496001
302498.3527319864 4123779.52496001
302498.6256077341 4123779.952069876
302498.6256077341 4123779.952069876
302498.8450947487 4123780.266470194
302499.0111930299 4123780.509685534
302499.0111930299 4123780.509685534
302499.1357667408 4123780.7113763043
302499.1357667408 4123780.7113763043
302499.26034045167 4123780.9071349925
302499.26034045167 4123780.9071349925
302499.3967783255 4123781.1444182517
302499.3967783255 4123781.1444182517
302499.5332161993 4123781.3579731844
302499.5332161993 4123781.3579731844
302499.6281295029 4123781.54186771
302499.6281295029 4123781.54186771
302499.682411839 4123781.6274377285
302499.682411839 4123781.6274377285
302499.7489012007 4123781.7382533313
302499.7489012007 4123781.7382533313
302499.79322744184 4123781.815824253
302499.79322744184 4123781.815824253
302499.84198630706 4123781.8978277994
302499.84198630706 4123781.8978277994
302499.8996104206 4123781.9909129054
302499.8996104206 4123781.9909129054
302499.95058559784 4123782.0817817
302499.95058559784 4123782.0817817
302499.99712815107 4123782.161568934
302499.99712815107 4123782.161568934
302500.03702176805 4123782.239139856
302500.05324412906 4123782.2711392445
302500.06710212096 4123782.2969897296
302500.07247778465 4123782.30949733
302500.072477824 4123782.309497394
302500.881477824 4123783.754497394
302501.690477824 4123785.1994973943
302502.048477824 4123785.840497394
302502.636477824 4123787.0374973943
302502.99847782403 4123788.0214973944
302503.146477824 4123788.798497394
302503.17747782404 4123789.493497394
302503.04747782403 4123790.2904973943
302502.792477824 4123790.974497394
302502.45447782404 4123791.553497394
302502.075477824 4123792.004497394
302501.381477824 4123792.624497394
302501.3814777562 4123792.624497436
302501.3814777562 4123792.624497436
302501.38147704076 4123792.62449798
302501.38147704076 4123792.62449798
302501.38146784686 4123792.6245049615
302501.38146784686 4123792.6245049615
302501.381206307 4123792.624711876
302501.381206307 4123792.624711876
302501.36378415104 4123792.637798024
302501.36378415104 4123792.637798024
302501.251282337 4123792.742799717
302501.251282337 4123792.742799717
302501.04127895087 4123792.9278027
302501.04127895087 4123792.9278027
302500.6737730251 4123793.2778083435
302500.6737730251 4123793.2778083435
302500.0837635117 4123793.7978167282
302500.0837635117 4123793.7978167282
302499.46375351446 4123794.387826242
302499.46375351446 4123794.387826242
302498.82374319475 4123795.0178364003
302498.82374319475 4123795.0178364003
302497.9537291664 4123795.867850106
302497.8805183197 4123795.9485899564
302497.543871934 4123796.2893169043
302497.4740943195 4123796.356646181
302497.11459678505 4123796.682683105
302497.0986825922 4123796.699005354
302496.7637099782 4123796.997868327
302496.7637099782 4123796.997868327
302496.4837054633 4123797.197871552
302496.309 4123797.313
302496.069 4123797.449
302495.847 4123797.574
302494.466 4123798.354
302494.341 4123798.425
302493.40043503273 4123798.958849679
302493.211 4123799.056
302492.165 4123799.639
302492.165 4123799.639
302491.911 4123799.778
302491.911 4123799.778
302490.596 4123800.499
302490.596 4123800.499
302489.283 4123801.224
302489.283 4123801.224
302487.6411634625 4123802.067801109
302487.288602884 4123802.263668097
302486.9882735023 4123802.4203616874
302486.64877072297 4123802.6162286755
302486.2439789477 4123802.851269061
302485.95670736517 4123803.021020451
302485.339 4123803.391
302483.3445275897 4123804.497609733
302484.026 4123804.117
302484.026 4123804.117
302483.318 4123804.502
302483.318 4123804.502
302482.005 4123805.228
302481.301601949 4123805.6325802915
302480.688 4123805.945
302480.688 4123805.945
302479.375 4123806.671
302479.375 4123806.671
302478.058 4123807.388
302478.058 4123807.388
302477.479 4123807.709
302477.479 4123807.709
302476.82 4123808.074
302476.167 4123808.437
302475.509 4123808.796
302474.85 4123809.155
302474.85 4123809.155
302474.775 4123809.197
302474.775 4123809.197
302473.991 4123809.659
302473.991 4123809.659
302473.222 4123810.113
302473.222 4123810.113
302472.89 4123810.315
302472.89 4123810.315
302472.323 4123810.675
302472.323 4123810.675
302471.88 4123810.958
302471.88 4123810.958
302471.46 4123811.271
302471.46 4123811.271
302470.936 4123811.668
302470.936 4123811.668
302470.542 4123811.984
302470.542 4123811.984
302470.143 4123812.332
302470.143 4123812.332
302469.701 4123812.762
302469.701 4123812.762
302469.309 4123813.174
302469.309 4123813.174
302468.765 4123813.764
302468.765 4123813.764
302468.459 4123814.119
302468.459 4123814.119
302468.028 4123814.663
302468.028 4123814.663
302467.805 4123814.991
302467.805 4123814.991
302467.48 4123815.491
302467.48 4123815.491
302467.231 4123815.888
302467.231 4123815.888
302467.002 4123816.353
302467.002 4123816.353
302466.778 4123816.78
302466.778 4123816.78
302466.551 4123817.299
302466.551 4123817.299
302466.354 4123817.806
302466.354 4123817.806
302466.17 4123818.414
302466.17 4123818.414
302466.027 4123818.989
302466.027 4123818.989
302465.893 4123819.672
302465.893 4123819.672
302465.83 4123820.249
302465.83 4123820.249
302465.786 4123821.015
302465.786 4123821.015
302465.778 4123821.504
302465.778 4123821.504
302465.769 4123822.001
302465.769 4123822.001
302465.792 4123822.538
302465.792 4123822.538
302465.833 4123822.967
302465.833 4123822.967
302465.882 4123823.342
302465.882 4123823.342
302465.961 4123823.938
302465.961 4123823.938
302466.105 4123824.512
302466.105 4123824.512
302466.261 4123825.204
302466.261 4123825.204
302466.484 4123825.86
302466.484 4123825.86
302466.734 4123826.653
302466.734 4123826.653
302466.931 4123827.163
302466.931 4123827.163
302467.123 4123827.645
302467.123 4123827.645
302467.357 4123828.169
302467.357 4123828.169
302467.556 4123828.634
302467.556 4123828.634
302467.767 4123829.051
302467.767 4123829.051
302468.117 4123829.775
302468.117 4123829.775
302468.365 4123830.267
302468.365 4123830.267
302468.905 4123831.293
302468.905 4123831.293
302469.148 4123831.774
302469.148 4123831.774
302469.243 4123831.949
302469.243 4123831.949
302469.603 4123832.607
302469.964 4123833.265
302470.328 4123833.923
302470.69 4123834.577
302470.69 4123834.577
302471.051 4123835.235
302471.411 4123835.893
302471.775 4123836.551
302472.137 4123837.205
302472.137 4123837.205
302472.498 4123837.863
302472.858 4123838.521
302473.222 4123839.179
302473.585 4123839.833
302473.585 4123839.833
302473.897 4123840.395
302473.897 4123840.395
302474.624 4123841.707
302474.624 4123841.707
302474.988 4123842.363
302475.352 4123843.018
302475.352 4123843.018
302475.985 4123844.168
302476.512 4123845.133
302476.804 4123845.669
302476.917273366 4123845.8630618933
302477.0328171013 4123846.084102082
302477.1985972431 4123846.3804968814
302477.33925918164 4123846.6266552736
302477.4698738388 4123846.877837307
302477.6004884961 4123847.113948418
302477.7110085906 4123847.289775841
302477.75496544637 4123847.3745497772
302477.77882773953 4123847.431065735
302477.78041725105 4123847.434892338
302477.78214412753 4123847.4397589895
302477.7841064872 4123847.445175102
302477.78567637486 4123847.4500417537
302477.7876779818 4123847.4549476528
302477.78936561104 4123847.4591078553
302477.7907000156 4123847.4630325744
302477.79195592576 4123847.4668787993
302477.7933295775 4123847.4703717995
302477.7944677461 4123847.4733545864
302477.79537043156 4123847.4756701705
302477.7955041174 4123847.4760614145
302477.795645162 4123847.4764183187
302477.79564989527 4123847.4764274214
302477.7956500678 4123847.476427804
302477.7956501182 4123847.4764278964
302479.20365011826 4123849.920427896
302479.48665011826 4123850.4114278965
302480.28665011824 4123851.9254278964
302480.8046501182 4123852.8284278964
302481.2176501182 4123853.4414278963
302481.2666501182 4123853.5134278964
302481.52565011824 4123853.9104278963
302482.1046501182 4123854.4854278965
302482.5616501182 4123854.8504278963
302483.06465011823 4123855.108427896
302483.45065011823 4123855.230427896
302483.74865011824 4123855.2964278962
302483.8106501182 4123855.301427896
302484.37765011826 4123855.347427896
302485.39665011823 4123855.312427896
302486.5766501182 4123855.088427896
302487.78665011824 4123854.7824278963
302488.07365011825 4123854.676427896
302489.0556501182 4123854.3134278962
302490.6976501182 4123853.5634278962
302491.4626501182 4123853.1464278963
302491.67473737313 4123853.021484922
302491.8781024736 4123852.8987935805
302492.0469465254 4123852.813673265
302492.2558713127 4123852.715739771
302492.4329677144 4123852.616174051
302492.59072067693 4123852.537442369
302492.8041699973 4123852.44164228
302493.0024929878 4123852.355926411
302493.1806475386 4123852.281975466
302493.38905474904 4123852.1979403
302493.5335952337 4123852.1374349813
302493.569625311 4123852.1183169815
302493.59368037706 4123852.1043461347
302493.61111767386 4123852.093946783
302493.61526034493 4123852.0915176417
302493.6172315604 4123852.09053942
302493.6175105834 4123852.090411397
302493.6175816855 4123852.090377058
302493.61758881493 4123852.090373641
302493.61758932145 4123852.09037341
302493.6175893507 4123852.090373387
302494.327 4123851.707
302494.72 4123851.485
302496.032 4123850.759
302497.212 4123850.111
302498.265 4123849.517
302499.577 4123848.79
302500.527 4123848.255
302500.884 4123848.054
302501.837 4123847.526
302502.197 4123847.327
302503.3 4123846.724
302504.612 4123845.997
302505.345 4123845.591
302506.658 4123844.864
302507.684 4123844.296
302507.778 4123844.242
302509.09 4123843.515
302509.369 4123843.367
302511.10933928617 4123842.3293448496
302513.11497241264 4123841.033670352
302515.38684002496 4123839.471761368
302517.7119545344 4123837.9276013505
302518.8123904091 4123837.253140653
302520.7470276727 4123835.992964087
302522.27343872475 4123834.981273041
302523.5868621881 4123834.164820617
302525.50375048595 4123833.0998826735
302526.69293118926 4123832.5319157704
302528.04185258405 4123831.8397061075
302529.62151053327 4123831.0232536844
302530.54445675074 4123830.5085336785
302532.0708678028 4123829.763077118
302533.2068016089 4123829.2306081466
302535.0704430096 4123828.3609088263
302536.508109233 4123827.72194606
302537.92802649067 4123827.0474853627
302539.33019478264 4123826.4440205283
302540.44837962306 4123825.9825474196
302540.8188892826 4123825.809495004
302541.1849617006 4123825.6342239673
302541.3935120478 4123825.534386035
302541.4080717461 4123825.5257195476
302541.41757021606 4123825.5183703667
302541.4244340739 4123825.5126851513
302541.42845532397 4123825.5103971986
302541.43061327934 4123825.5092618894
302541.43064185797 4123825.5092393747
302542.871 4123824.715
302544.19 4123823.999
302545.302 4123823.379
302545.357 4123823.349
302546.377 4123822.788
302546.672 4123822.626
302547.69 4123822.063
302547.984 4123821.9
302549.036 4123821.322
302549.299 4123821.178
302550.349 4123820.597
302550.611 4123820.451
302550.707 4123820.399
302552.019 4123819.672
302553.33 4123818.944
302554.208 4123818.458
302555.336 4123817.831
302556.083 4123817.422
302556.7663301077 4123817.0198979494
302557.46519563295 4123816.6105624274
302558.2638990904 4123816.1612917325
302559.07258634106 4123815.712021038
302559.82137083245 4123815.282717929
302560.5901229102 4123814.8334472347
302561.2290856762 4123814.4740306786
302562.0277891336 4123814.0946465363
302562.7865574182 4123813.6952948077
302563.5153743231 4123813.335878252
302564.0844505365 4123813.056332042
302564.6337870217 4123812.776251095
302564.6397822558 4123812.773253478
302565.30258950643 4123812.391757714
302566.34658950643 4123811.874757714
302567.01958950644 4123811.630757714
302567.75058950647 4123811.423757714
302568.37558950647 4123811.352757714
302568.96858950646 4123811.3457577145
302569.5705895064 4123811.397757714
302570.02358950645 4123811.502757714
302570.5205895064 4123811.6427577143
302571.00258950645 4123811.849757714
302571.3855895064 4123812.048757714
302571.67158950644 4123812.2477577142
302572.0205895064 4123812.5237577143
302572.3695895064 4123812.8507577144
302572.64458950644 4123813.1407577144
302572.86158950644 4123813.434757714
302573.12558950647 4123813.820757714
302573.33258950646 4123814.1387577145
302573.83640116197 4123815.0308557856
302573.84637760743 4123815.0480920863
302573.84670547186 4123815.048654139
302574.0163480173 4123815.3149160277
302574.36078888335 4123815.8989679306
302574.7801081985 4123816.5878496626
302575.1844518239 4123817.246780015
302575.603771139 4123817.8158562286
302575.9781633847 4123818.4148838217
302576.38250701 4123819.0438627945
302576.78685063537 4123819.6428903877
302577.19119426067 4123820.2718693605
302577.5206594369 4123820.8409455735
302577.91091505194 4123821.487184314
302578.629 4123822.777
302578.995 4123823.432
302579.361 4123824.086
302580.091 4123825.397
302580.823 4123826.706
302581.552 4123828.017
302581.926 4123828.685
302582.29 4123829.34
302582.655 4123829.996
302583.021 4123830.65
302583.387 4123831.305
302583.439 4123831.398
302583.801 4123832.052
302584.164 4123832.711
302584.531 4123833.365
302584.897 4123834.02
302585.214 4123834.595
302585.622 4123835.333
302585.944 4123835.907
302586.265 4123836.482
302586.712 4123837.277
302587.437 4123838.589
302587.745 4123839.164
302587.998 4123839.678
302588.403 4123840.463
302588.646 4123840.986
302588.954 4123841.6
302589.154 4123842.09
302589.384 4123842.648
302589.717 4123843.508
302589.945 4123844.215
302590.188 4123844.949
302590.346 4123845.616
302590.506 4123846.301
302590.613 4123846.987
302590.679 4123847.582
302590.756 4123848.263
302590.814 4123849.074
302590.822 4123849.55
302590.817 4123850.024
302590.809 4123850.769
302590.794 4123851.152
302590.744 4123851.621
302590.663 4123852.355
302590.564 4123852.889
302590.422 4123853.421
302590.262 4123854.172
302590.063 4123854.765
302589.839 4123855.384
302589.601 4123855.957
302589.401 4123856.399
302589.136 4123856.903
302588.841 4123857.4
302588.57 4123857.845
302588.329 4123858.228
302588.017 4123858.668
302587.684 4123859.111
302587.334 4123859.515
302586.99 4123859.955
302586.621 4123860.353
302586.238 4123860.777
302585.868 4123861.132
302585.527 4123861.473
302585.149 4123861.811
302584.79 4123862.114
302584.409 4123862.418
302584.035 4123862.69
302583.647 4123862.968
302583.319 4123863.213
302582.759 4123863.601
302582.379 4123863.85
302581.951 4123864.116
302581.346 4123864.483
302580.511 4123864.96
302579.788 4123865.381
302579.755 4123865.399
302578.441 4123866.122
302577.132 4123866.855
302577.007 4123866.924
302575.698 4123867.657
302574.382 4123868.376
302574.344 4123868.397
302573.036 4123869.13
302571.726 4123869.861
302571.295 4123870.101
302569.987 4123870.834
302569.33 4123871.196
302568.673 4123871.558
302567.364 4123872.291
302566.707 4123872.652
302566.607 4123872.707
302566.05 4123873.014
302565.844 4123873.126
302565.7120696384 4123873.189744148
302565.5573208435 4123873.2608786747
302565.4237876092 4123873.327021305
302565.2877584266 4123873.38567609
302565.1704488563 4123873.4455788494
302565.06561902753 4123873.5042336346
302564.9620371729 4123873.5541526005
302564.8472235509 4123873.6128073856
302564.74364169623 4123873.662726352
302564.6275801001 4123873.715141266
302564.5464617802 4123873.750084542
302564.4711372779 4123873.7848474463
302564.3101380228 4123873.8523767246
302564.1082672294 4123873.944506621
302564.10030480835 4123873.94830048
302563.0274017116 4123874.5256671426
302562.1254017116 4123875.0406671423
302559.4784017116 4123876.4526671423
302559.4424017116 4123876.4716671426
302558.58540171164 4123877.017667142
302557.7224017116 4123877.6316671423
302557.23140171164 4123878.0296671423
302556.8764017116 4123878.3716671425
302556.8764017116 4123878.3716671425
302556.62940171163 4123878.6106671426
302556.1984017116 4123879.0636671423
302555.9364017116 4123879.5236671423
302555.74340171163 4123880.1676671426
302555.7174017116 4123880.5976671423
302555.7174017116 4123880.5986671424
302555.65040171164 4123880.9626671425
302555.73140171164 4123881.4356671423
302555.8654017116 4123882.0196671425
302556.05240171164 4123882.659667142
302556.1954017116 4123882.9326671422
302556.1954017116 4123882.9326671422
302557.10740171163 4123884.6826671422
302558.33738545375 4123886.963955012
302558.3478771145 4123886.9864371424
302558.50074606016 4123887.278836085
302558.5428651878 4123887.365882282
302558.59200417006 4123887.4711801014
302558.6439510941 4123887.5834977753
302558.6930900764 4123887.676159856
302558.7408250877 4123887.7744378205
302558.7969839246 4123887.892371378
302558.85033481964 4123888.0215367023
302558.92334130756 4123888.1928211544
302558.9935398536 4123888.355681781
302559.0693542834 4123888.524158292
302559.1451687131 4123888.701058628
302559.24214751075 4123888.8882528753
302560.644 4123891.411
302562.047 4123893.935
302563.241 4123896.129
302564.436 4123898.324
302565.513 4123900.255
302566.589 4123902.186
302567.49 4123903.81
302568.391 4123905.435
302569.109 4123906.796
302569.827 4123908.157
302569.827 4123908.157
302570.609 4123909.64
302571.391 4123911.123
302572.616 4123913.52
302573.974 4123916.189
302575.325 4123918.853
302575.798 4123919.785
302577.106 4123922.479
302577.757 4123923.835
302578.408 4123925.192
302578.876 4123926.173
302579.526 4123927.548
302580.176 4123928.923
302580.808 4123930.289
302581.439 4123931.655
302582.372 4123933.683
302583.569 4123936.403
302584.168 4123937.825
302584.767 4123939.247
302585.906 4123941.988
302586.454 4123943.403
302587.001 4123944.817
302588.086 4123947.595
302588.655 4123949.048
302589.167 4123950.48
302589.679 4123951.913
302590.166 4123953.35
302590.654 4123954.787
302590.849 4123955.364
302591.312 4123956.81
302591.775 4123958.256
302591.921 4123958.736
302592.757 4123961.606
302593.325 4123963.553
302593.728 4123965.013
302594.132 4123966.472
302594.21 4123966.759
302594.533 4123968.307
302594.856 4123969.855
302595.01 4123970.683
302595.452 4123973.592
302595.638 4123975.135
302595.824 4123976.678
302596.054 4123979.205
302596.263 4123982.182
302596.289 4123982.555
302596.368 4123984.07
302596.447 4123985.585
302596.54 4123987.453
302596.636 4123989.653
302596.73149259714 4123991.7670095563
302596.7764196666 4123993.6539464747
302596.7764196666 4123995.4061021847
302596.8213467361 4123996.933622547
302596.86627380556 4123998.730705326
302596.9561279446 4124000.5277881054
302597.04598208354 4124002.190089676
302597.090909153 4124004.1668807333
302597.090909153 4124005.8741093734
302597.1358362225 4124007.8958275
302597.22569036146 4124009.7827644185
302597.3155445004 4124011.445065989
302597.3267762678 4124012.781646306
302597.3129999317 4124013.5359996506
302597.313 4124013.536
302597.601 4124016.073
302597.791 4124017.573
302597.981 4124019.073
302598.121 4124020.211
302598.478 4124023.179
302598.724 4124025.232
302599.089 4124028.189
302599.453 4124031.149
302599.506 4124031.574
302599.862 4124034.53
302600.222 4124037.493
302600.331 4124038.39
302600.475 4124040.315
302600.506 4124041.87
302600.537 4124043.426
302600.542 4124043.83
302600.539 4124045.383
302600.537 4124046.936
302600.537 4124046.936
302600.544 4124049.931
302600.55 4124052.926
302600.557 4124055.921
302600.561 4124057.7
302600.39188565104 4124057.7926853443
302599.9875417972 4124058.1071750084
302599.1704302595 4124059.3033589097
302598.4291331942 4124061.5946407476
302597.68783612887 4124064.1330216075
302597.065 4124066.3
302597.065 4124066.3
302597.039 4124067.812
302597.013 4124069.325
302596.979 4124072.138
302596.966 4124075.135
302596.953 4124078.132
302596.946 4124079.632
302596.939 4124081.133
302596.938 4124081.263
302596.922 4124084.247
302596.906 4124087.231
302596.889 4124090.215
302596.873 4124093.199
302596.863 4124094.975
302596.8679166475 4124096.0818019453
302596.8454531001 4124097.1375886747
302596.8005260052 4124098.081057667
302596.7780624578 4124099.002063112
302596.7331353629 4124099.8781414614
302596.7331353629 4124100.7542198114
302596.7106718155 4124101.5853710664
302596.7106718155 4124102.394058774
302596.7106718155 4124103.359991314
302596.688208268 4124104.258533211
302596.6657447206 4124105.134611561
302596.6657447206 4124105.9882263634
302596.6657447206 4124106.8643047134
302596.6432811732 4124107.7403830634
302596.6601288337 4124108.1671904647
302596.688208268 4124108.5715343184
302596.7162877023 4124108.9871099456
302596.7219035892 4124109.3184472704
302596.72235367 4124109.5253746104
302596.72197449586 4124109.6156601887
302596.72136698343 4124109.6225335803
302596.72140167106 4124109.6432880117
302596.71168042906 4124110.358771435
302596.71168042906 4124111.875285212
302596.7212309647 4124113.8230623244
302596.7094471509 4124116.2186189117
302596.7054471509 4124117.7836189116
302596.7024471509 4124119.3496189117
302596.68844715087 4124122.0216189115
302596.63944715087 4124123.156618912
302596.5534471509 4124123.8426189115
302596.45444715087 4124124.4566189116
302596.2454471509 4124125.176618912
302595.9994471509 4124125.943618912
302595.5514471509 4124126.7526189117
302595.2364471509 4124127.3196189115
302594.8634471509 4124127.8346189116
302594.5314471509 4124128.2856189115
302593.9474471509 4124128.9516189117
302593.2804471509 4124129.5606189114
302592.6324471509 4124130.0946189114
302591.9674471509 4124130.554618912
302591.6314471509 4124130.7596189114
302590.8914471509 4124131.1346189114
302590.6204471509 4124131.2416189117
302590.0494471509 4124131.4766189116
302589.5284471509 4124131.6656189114
302588.8924471509 4124131.8436189117
302588.3574471509 4124131.9286189117
302587.91644715087 4124131.9816189115
302587.5724471509 4124132.0216189115
302587.5054471509 4124132.0116189118
302587.12844715087 4124132.037618912
302586.5924471509 4124132.0336189116
302586.05244715087 4124132.0306189116
302585.69102913863 4124132.032843408
302584.9548101599 4124132.006033478
302583.80381508806 4124131.943817528
302582.1395384302 4124131.881601578
302580.84855747124 4124131.850493603
302579.6042384747 4124131.850493603
302578.5776753025 4124131.8660475905
302578.00217776676 4124131.864103343
302577.996 4124131.864
302576.368 4124131.823
302574.741 4124131.782
302574.741 4124131.782
302573.241 4124131.786
302573.241 4124131.786
302572.121 4124131.758
302572.121 4124131.758
302571.617 4124131.759
302571.617 4124131.759
302570.28 4124131.738
302570.28 4124131.738
302568.78 4124131.725
302568.78 4124131.725
302568.252 4124131.716
302568.252 4124131.716
302567.259 4124131.708
302565.6858500254 4124131.454352985
302564.1771132438 4124130.9721793747
302562.88613228634 4124130.2566959523
302561.2996255675 4124129.3545646807
302559.9153206854 4124128.623527271
302558.2821520043 4124128.0480297357
302557.7222084564 4124127.9780367934
302557.22448085836 4124127.98192529
302557.181 4124127.984
302556.993 4124127.984
302556.192 4124127.985
302556.003 4124127.986
302554.724 4124127.994
302554.535 4124127.993
302553.233 4124127.988
302553.233 4124127.988
302551.697 4124127.97
302551.1 4124127.967
302549.654 4124127.96
302549.459 4124127.959
302548.98784834816 4124127.938932001
302548.4824185309 4124127.922084341
302548.0275316954 4124127.922084341
302547.5642210295 4124127.90523668
302547.1177580243 4124127.90523668
302546.6797188493 4124127.8968128497
302546.1911366926 4124127.8968128497
302545.7615213479 4124127.90523668
302545.3487536638 4124127.8968128497
302544.9612574706 4124127.90523668
302544.56533744704 4124127.8968128497
302544.03463613894 4124127.8883890198
302543.67241143656 4124127.871541359
302543.3270343947 4124127.871541359
302543.0237765044 4124127.871541359
302542.84993726626 4124127.873406654
302542.6895044676 4124127.8680139547
302542.6009462368 4124127.8686880427
302542.5864178536 4124127.86835963
302542.23483584955 4124127.866805746
302540.1078358495 4124127.723805746
302539.1298358495 4124127.633805746
302537.65483584953 4124127.539805746
302537.10083584953 4124127.3908057464
302536.42483584955 4124127.1118057463
302535.61183584953 4124126.6978057465
302535.0418358495 4124126.3618057463
302534.60983584955 4124126.0578057463
302534.03883584955 4124125.504805746
302533.6128358495 4124125.0748057463
302533.3418358495 4124124.7478057463
302532.88883584953 4124124.2478057463
302532.57083584956 4124123.792805746
302532.17683584953 4124123.218805746
302531.93483584956 4124122.715805746
302531.70083584957 4124122.183805746
302531.4278358495 4124121.450805746
302531.28983584954 4124120.766805746
302531.1788358495 4124120.1178057464
302531.00083584955 4124118.9108057464
302530.8628358495 4124117.794805746
302530.6124159836 4124115.804857428
302530.59146909736 4124115.4008817654
302530.59119705996 4124115.3834713665
302530.5906529849 4124115.11497037
302530.5967137458 4124114.811531049
302530.58053564845 4124114.4663983057
302530.5683495769 4124114.183970898
302530.54307808605 4124113.788050874
302530.5346542558 4124113.4679453233
302530.5346542558 4124113.164687433
302530.5346542558 4124112.8024627306
302530.5262304255 4124112.457085689
302530.5178065952 4124112.1201324775
302530.50095893466 4124111.8337222477
302530.503 4124111.518
302530.499 4124111.159
302530.499 4124111.159
302530.502 4124110.626
302530.502 4124110.626
302530.507 4124109.701
302530.507 4124109.701
302530.512 4124108.201
302530.512 4124108.201
302530.514 4124107.849
302530.514 4124107.849
302530.522 4124106.375
302530.522 4124106.375
302530.527 4124104.875
302530.527 4124104.875
302530.536 4124103.424
302530.536 4124103.424
302530.54 4124101.924
302530.54 4124101.924
302530.544 4124101.196
302530.544 4124101.196
302530.549 4124100.514
302530.549 4124100.514
302530.555 4124099.501
302530.555 4124099.501
302530.564 4124098.001
302530.564 4124098.001
302530.568 4124097.405
302530.568 4124097.405
302530.572 4124096.612
302530.572 4124096.612
302530.582 4124095.112
302530.582 4124095.112
302530.583 4124094.857
302530.583 4124094.857
302530.59 4124093.75
302530.59 4124093.75
302530.599 4124092.25
302530.599 4124092.25
302530.605 4124091.155
302530.605 4124091.155
302530.607 4124090.797
302530.607 4124090.797
302530.612 4124089.955
302530.612 4124089.955
302530.62 4124088.455
302530.62 4124088.455
302530.623 4124087.875
302530.623 4124087.875
302530.625 4124087.412
302530.625 4124087.412
302530.629 4124086.56
302530.629 4124086.56
302530.637 4124085.06
302530.637 4124085.06
302530.64 4124084.495
302530.64 4124084.495
302530.642 4124083.931
302530.642 4124083.931
302530.651 4124082.431
302530.651 4124082.431
302530.655 4124081.486
302530.655 4124081.486
302530.658 4124080.945
302530.658 4124080.945
302530.66 4124080.411
302530.66 4124080.411
302530.664 4124079.461
302530.664 4124079.461
302530.672 4124077.961
302530.672 4124077.961
302530.676 4124077.133
302530.676 4124077.133
302530.677 4124076.816
302530.677 4124076.816
302530.684 4124075.316
302530.684 4124075.316
302530.685 4124075.262
302530.685 4124075.262
302530.688 4124074.401
302530.688 4124074.401
302530.695 4124072.901
302530.695 4124072.901
302530.7 4124071.815
302530.7 4124071.815
302530.701 4124071.332
302530.701 4124071.332
302530.705 4124070.422
302530.705 4124070.422
302530.708 4124069.369
302530.708 4124069.369
302530.713 4124067.869
302530.713 4124067.869
302530.715 4124067.332
302530.715 4124067.332
302530.72 4124065.832
302530.72 4124065.832
302530.724 4124064.711
302530.724 4124064.711
302530.726 4124064.174
302530.726 4124064.174
302530.727 4124063.953
302530.727 4124063.953
302530.731 4124062.659
302530.732 4124062.453
302530.738 4124062.0
302530.74 4124061.793
302530.749 4124061.073
302530.752 4124060.866
302530.715 4124058.833
302530.699 4124057.978
302530.698 4124057.907
302530.698 4124057.0
302530.698 4124055.789
302530.708 4124054.962
302530.716 4124054.299
302530.722 4124053.795
302530.725 4124053.536
302530.729 4124053.211
302530.756 4124052.12
302530.767 4124051.694
302530.778 4124051.251
302530.79 4124050.787
302530.807 4124050.18
302530.824 4124049.592
302530.833 4124049.258
302530.851 4124048.608
302530.861 4124048.178
302530.87 4124047.797
302530.882 4124047.288
302530.886 4124047.234
302530.971 4124046.056
302530.987 4124045.85
302531.017 4124045.479
302531.041 4124045.179
302531.074 4124044.769
302531.127 4124044.104
302531.151 4124043.807
302531.153 4124043.779
302531.196 4124043.162
302531.238 4124042.562
302531.238 4124042.562
302531.238 4124042.56
302531.273 4124042.058
302531.311 4124041.519
302531.37 4124040.674
302531.408 4124040.13
302531.408 4124040.13
302531.408 4124039.513
302531.408 4124039.513
302531.413 4124038.625
302531.413 4124038.625
302531.413 4124037.125
302531.413 4124037.125
302531.419 4124036.0
302531.421 4124035.625
302531.421 4124035.625
302531.424 4124034.836
302531.424 4124034.836
302531.429 4124034.298
302531.429 4124034.298
302531.434 4124032.798
302531.434 4124032.798
302531.449 4124031.298
302531.449 4124031.298
302531.454 4124029.798
302531.454 4124029.798
302531.468 4124028.298
302531.468 4124028.298
302531.477 4124027.407
302531.477 4124027.407
302531.483 4124025.907
302531.483 4124025.907
302531.494 4124024.782
302531.498 4124024.407
302531.516 4124023.584
302531.524 4124023.208
302531.524 4124023.208
302531.547 4124022.092
302531.547 4124022.092
302531.566 4124021.095
302531.566 4124021.095
302531.599 4124020.317
302531.599 4124020.316
302531.657 4124019.249
302531.657 4124019.249
302531.729 4124018.563
302531.729 4124018.563
302531.831 4124017.61
302531.831 4124017.61
302531.919 4124017.009
302531.919 4124017.009
302532.051 4124016.262
302532.051 4124016.262
302532.181 4124015.681
302532.181 4124015.681
302532.378 4124014.98
302532.378 4124014.98
302532.554 4124014.452
302532.554 4124014.452
302532.807 4124013.793
302532.807 4124013.793
302532.985 4124013.387
302532.985 4124013.387
302533.323 4124012.683
302533.323 4124012.683
302533.522 4124012.286
302533.522 4124012.286
302533.731 4124011.907
302533.731 4124011.907
302533.963 4124011.459
302533.963 4124011.459
302534.29 4124010.94
302534.29 4124010.94
302534.656 4124010.361
302534.656 4124010.361
302535.035 4124009.89
302535.035 4124009.89
302535.302 4124009.533
302535.302 4124009.533
302535.672 4124009.107
302535.672 4124009.107
302536.157 4124008.556
302536.157 4124008.556
302536.53 4124008.19
302536.53 4124008.19
302537.059 4124007.692
302537.059 4124007.692
302537.549 4124007.305
302537.549 4124007.305
302538.067 4124006.881
302538.067 4124006.881
302538.551 4124006.55
302538.551 4124006.55
302539.15 4124006.173
302539.15 4124006.173
302539.667 4124005.871
302539.667 4124005.871
302540.215 4124005.587
302540.215 4124005.587
302540.914 4124005.233
302540.914 4124005.233
302541.368 4124005.049
302541.368 4124005.049
302542.314 4124004.713
302542.314 4124004.713
302542.753 4124004.56
302542.753 4124004.56
302543.132 4124004.444
302543.132 4124004.444
302544.078 4124004.192
302544.078 4124004.192
302545.182 4124003.961
302545.182 4124003.961
302546.202 4124003.789
302546.202 4124003.789
302546.747 4124003.709
302546.747 4124003.709
302547.685 4124003.609
302547.685 4124003.609
302548.222 4124003.551
302548.222 4124003.551
302548.672 4124003.521
302548.672 4124003.521
302550.052 4124003.447
302550.052 4124003.447
302550.494 4124003.427
302550.494 4124003.427
302550.927 4124003.415
302550.927 4124003.415
302551.613 4124003.412
302551.613 4124003.412
302552.591 4124003.41
302552.591 4124003.41
302553.263 4124003.413
302553.263 4124003.413
302553.291 4124003.413
302553.291 4124003.413
302554.79 4124003.411
302554.791 4124003.411
302556.29 4124003.412
302556.291 4124003.412
302556.741 4124003.416
302556.742 4124003.416
302558.241 4124003.429
302558.241 4124003.429
302559.741 4124003.43
302559.741 4124003.43
302561.179 4124003.433
302561.179 4124003.433
302562.679 4124003.434
302562.679 4124003.434
302564.179 4124003.438
302564.179 4124003.438
302565.679 4124003.439
302565.679 4124003.439
302567.179 4124003.442
302567.179 4124003.442
302568.679 4124003.443
302568.679 4124003.443
302568.848 4124003.444
302568.848 4124003.444
302570.348 4124003.445
302570.348 4124003.445
302571.848 4124003.453
302571.848 4124003.453
302573.348 4124003.454
302573.348 4124003.454
302574.848 4124003.462
302574.848 4124003.462
302576.622 4124003.486
302576.9037761482 4124003.4848211696
302577.23230552947 4124003.4806092544
302577.56083491066 4124003.4763973393
302577.8430332253 4124003.472185424
302578.0957481339 4124003.472185424
302578.53222674364 4124003.473031486
302578.55834234203 4124003.473031486
302578.5714001412 4124003.473031486
302579.28794687253 4124003.4371225387
302579.8820767363 4124003.397949141
302580.4109176041 4124003.345717944
302581.48165713885 4124003.2412555506
302582.5850411716 4124003.0584463617
302583.5970206099 4124002.75811698
302584.41786069167 4124002.3755542813
302585.0248606917 4124002.0695542814
302585.64186069166 4124001.6735542812
302586.2248606917 4124001.201554281
302586.8118606917 4124000.488554281
302587.3768606917 4123999.761554281
302587.83086069167 4123998.9125542813
302588.23486069165 4123998.136554281
302588.65686069167 4123996.9675542815
302588.9308606917 4123995.9265542813
302589.1058606917 4123995.1035542814
302589.1501557638 4123993.6848848
302589.14786069165 4123992.448554281
302589.1323033038 4123991.8612305224
302589.1318952475 4123991.8536304757
302589.12985496636 4123991.8324115523
302589.12740662904 4123991.812824853
302589.1261824603 4123991.7928300975
302589.12046967313 4123991.6818388044
302589.1106763237 4123991.5218807645
302589.1041474241 4123991.3847738733
302589.10088297434 4123991.268885905
302589.0950164569 4123991.139977581
302589.0950164569 4123990.9841367207
302589.09922837204 4123990.815660115
302589.09922837204 4123990.6682430846
302589.09922837204 4123990.503978394
302589.0950164569 4123990.3607732793
302589.0950164569 4123990.175449013
302589.0950164569 4123990.0153962374
302589.094 4123989.818
302588.98 4123986.821
302588.923 4123985.339
302588.759 4123982.361
302588.742 4123982.043
302588.466 4123979.064
302588.204 4123976.225
302587.997 4123974.739
302587.791 4123973.252
302587.628 4123972.075
302586.994 4123969.151
302586.457 4123966.675
302585.625 4123963.804
302585.026 4123961.736
302584.567 4123960.307
302584.109 4123958.878
302583.84 4123958.041
302583.353 4123956.621
302582.866 4123955.201
302582.503 4123954.145
302581.48 4123951.326
302581.0 4123950.004
302579.881 4123947.232
302578.763 4123944.46
302577.644 4123941.688
302577.071 4123940.268
302575.86 4123937.535
302574.65 4123934.803
302573.439 4123932.07
302572.937 4123930.937
302571.641 4123928.241
302570.346 4123925.545
302569.818 4123924.448
302569.141 4123923.109
302568.463 4123921.771
302567.786 4123920.432
302567.108 4123919.094
302566.189 4123917.279
302565.498 4123915.948
302564.806 4123914.617
302564.115 4123913.286
302563.423 4123911.954
302562.478 4123910.137
302561.038 4123907.505
302559.598 4123904.874
302558.226 4123902.368
302557.497 4123901.057
302556.767 4123899.745
302556.037 4123898.434
302555.308 4123897.122
302554.13 4123895.006
302553.3003277037 4123893.423757948
302552.4681764035 4123891.6838052296
302551.56037498504 4123889.603426979
302550.7282236848 4123887.901299319
302549.8204222664 4123885.896571187
302548.95044590696 4123884.0053182314
302547.8913442521 4123881.9249399807
302546.9835428337 4123880.071512085
302546.26486671076 4123878.331559366
302545.3948903514 4123876.440306411
302544.6383891694 4123874.5868785153
302543.76841281005 4123872.544325324
302542.93626150984 4123870.6530723684
302542.7140392876 4123869.9674931723
302542.3500469708 4123869.2380679357
302542.35 4123869.238
302541.686 4123868.024
302541.686 4123868.024
302540.957 4123866.712
302540.957 4123866.712
302540.226 4123865.403
302540.226 4123865.403
302540.156 4123865.277
302539.428 4123863.966
302539.428 4123863.966
302538.697 4123862.657
302538.697 4123862.657
302538.684 4123862.633
302538.684 4123862.633
302537.955 4123861.322
302537.955 4123861.322
302537.311 4123860.164
302537.311 4123860.164
302536.874 4123859.378
302536.874 4123859.378
302536.145 4123858.067
302536.145 4123858.067
302535.616 4123857.114
302535.616 4123857.114
302535.178 4123856.326
302535.178 4123856.326
302534.449 4123855.015
302534.449 4123855.015
302533.921 4123854.064
302533.921 4123854.064
302533.686 4123853.621
302533.68599986087 4123853.62099969
302533.0219998609 4123852.4069996905
302533.0219998609 4123852.4069996905
302532.2929998609 4123851.09499969
302532.2929998609 4123851.09499969
302531.5619998609 4123849.78599969
302531.5619998609 4123849.78599969
302531.4919998609 4123849.65999969
302530.7639998609 4123848.3489996903
302530.7639998609 4123848.3489996903
302530.0329998609 4123847.0399996904
302530.0329998609 4123847.0399996904
302530.0199998609 4123847.01599969
302530.0199998609 4123847.01599969
302529.2909998609 4123845.7049996904
302529.2909998609 4123845.7049996904
302528.6469998609 4123844.54699969
302528.6469998609 4123844.54699969
302528.2099998609 4123843.7609996903
302528.2099998609 4123843.7609996903
302527.4809998609 4123842.44999969
302527.4809998609 4123842.44999969
302526.9519998609 4123841.4969996903
302526.9519998609 4123841.4969996903
302526.5139998609 4123840.70899969
302526.5139998609 4123840.70899969
302525.7849998609 4123839.3979996904
302525.7849998609 4123839.3979996904
302525.25699986087 4123838.44699969
302525.25699986087 4123838.44699969
302525.0219998609 4123838.00399969
302525.02199926163 4123838.003998471
302524.35799926164 4123836.7899984713
302524.35799926164 4123836.7899984713
302523.62899926165 4123835.477998471
302523.62899926165 4123835.477998471
302522.8979992617 4123834.168998471
302522.8979992617 4123834.168998471
302522.8279992617 4123834.042998471
302522.09999926167 4123832.731998471
302522.09999926167 4123832.731998471
302521.36899926164 4123831.422998471
302521.36899926164 4123831.422998471
302521.35599926166 4123831.398998471
302521.35599926166 4123831.398998471
302520.6269992617 4123830.087998471
302520.6269992617 4123830.087998471
302519.98299926164 4123828.929998471
302519.98299926164 4123828.929998471
302519.54599926167 4123828.143998471
302519.54599926167 4123828.143998471
302518.8169992617 4123826.832998471
302518.8169992617 4123826.832998471
302518.28799926164 4123825.879998471
302518.28799926164 4123825.879998471
302517.84999926167 4123825.091998471
302517.84999926167 4123825.091998471
302517.1209992617 4123823.780998471
302517.1209992617 4123823.780998471
302516.59299926163 4123822.829998471
302516.59299926163 4123822.829998471
302516.35799926164 4123822.386998471
302516.2656013513 4123822.234698361
302516.19231529924 4123822.10467472
302516.11430111487 4123821.981743278
302516.0457431952 4123821.8659040346
302516.0114642354 4123821.8056203453
302515.9783673087 4123821.7465186906
302515.9429063158 4123821.6732326387
302515.90626328974 4123821.602310653
302515.86725619755 4123821.5254785013
302515.83415927086 4123821.4616487143
302515.786877947 4123821.387180629
302515.7443247555 4123821.311530511
302515.7005895309 4123821.2358803926
302515.6556722732 4123821.163776374
302515.6131190817 4123821.0857621892
302515.5776580888 4123821.0290246005
302515.543379129 4123820.9758331114
302515.5261014181 4123820.9435228594
302515.5261002742 4123820.9435208943
302515.201 4123820.355
302514.63 4123819.32
302514.63 4123819.319
302514.374 4123818.858
302514.117 4123818.393
302513.389 4123817.082
302513.006 4123816.392
302512.833 4123816.079
302512.71 4123815.857
302512.537 4123815.545
302511.809 4123814.234
302511.601 4123813.859
302511.511 4123813.696
302511.304 4123813.322
302511.267 4123813.255
302511.023 4123812.814
302510.294 4123811.503
302510.276 4123811.47
302509.996 4123810.964
302509.893 4123810.778
302509.695 4123810.421
302509.592 4123810.236
302508.864 4123808.925
302508.482 4123808.236
302508.179 4123807.687
302507.45 4123806.376
302507.18 4123805.889
302506.911 4123805.402
302506.875 4123805.338
302506.607 4123804.853
302505.878 4123803.542
302505.453 4123802.775
302505.431 4123802.735
302505.43 4123802.733
302505.05 4123802.076
302505.0499999929 4123802.075999982
302504.7248997187 4123801.487479088
302504.1538997187 4123800.4524790877
302504.1538997187 4123800.451479088
302503.8978997187 4123799.990479088
302503.64089971874 4123799.525479088
302502.91289971874 4123798.214479088
302502.5298997187 4123797.524479088
302502.3568997187 4123797.211479088
302502.23389971873 4123796.9894790878
302502.0608997187 4123796.677479088
302501.3328997187 4123795.366479088
302501.12489971874 4123794.991479088
302501.0348997187 4123794.828479088
302500.8278997187 4123794.454479088
302500.7908997187 4123794.387479088
302500.5468997187 4123793.9464790877
302499.8178997187 4123792.635479088
302499.7998997187 4123792.602479088
302499.5198997187 4123792.096479088
302499.4168997187 4123791.910479088
302499.2188997187 4123791.553479088
302499.1158997187 4123791.368479088
302498.3878997187 4123790.0574790877
302498.00589971873 4123789.368479088
302497.7028997187 4123788.819479088
302496.9738997187 4123787.508479088
302496.7038997187 4123787.021479088
302496.43489971873 4123786.5344790877
302496.3988997187 4123786.470479088
302496.13089971873 4123785.985479088
302495.40189971874 4123784.674479088
302494.9768997187 4123783.907479088
302494.9548997187 4123783.867479088
302494.9538997187 4123783.865479088
302494.5738997187 4123783.208479088
302494.52079857973 4123783.099642551
302494.47115318966 4123782.9838033076
302494.4285999982 4123782.8845125274
302494.3813186743 4123782.7875858136
302494.33167328424 4123782.6764747025
302494.2749356956 4123782.560635459
302494.2087418421 4123782.437704017
302494.1425479887 4123782.3124085087
302494.0834463338 4123782.2012973977
302494.01725248044 4123782.0783659555
302493.9486945608 4123781.962526712
302493.88013664115 4123781.827774939
302493.804486523 4123781.7001153645
302493.72883640474 4123781.586640187
302493.6680000367 4123781.481000036
302493.668 4123781.481
302493.549 4123781.265
302493.304 4123780.818
302493.06 4123780.376
302492.976 4123780.226
302492.252 4123778.943
302492.026 4123778.544
302492.014 4123778.522
302491.699 4123777.964
302491.488 4123777.591
302491.115 4123776.93
302490.757 4123776.296
302490.478 4123775.801
302490.187 4123775.286
302490.187 4123775.286
302490.072 4123775.078
302490.072 4123775.078
302489.343 4123773.767
302489.343 4123773.767
302489.172 4123773.457
302489.172 4123773.457
302489.057 4123773.25
302489.057 4123773.25
302488.867 4123772.905
302488.867 4123772.905
302488.797 4123772.779
302488.797 4123772.779
302488.618 4123772.457
302488.618 4123772.457
302487.889 4123771.146
302487.889 4123771.146
302487.625 4123770.671
302487.625 4123770.671
302487.481 4123770.412
302487.481 4123770.412
302487.202 4123769.91
302487.202 4123769.91
302486.473 4123768.599
302486.473 4123768.599
302486.308 4123768.302
302486.308 4123768.302
302486.028 4123767.798
302486.028 4123767.798
302485.898 4123767.565
302485.898 4123767.565
302485.606 4123767.04
302485.606 4123767.04
302484.877 4123765.729
302484.877 4123765.729
302484.716 4123765.439
302484.716 4123765.439
302484.545 4123765.131
302484.545 4123765.131
302484.226 4123764.559
302484.226 4123764.559
302483.497 4123763.248
302483.497 4123763.248
302483.367 4123763.013
302483.367 4123763.013
302483.055 4123762.452
302483.055 4123762.452
302483.035 4123762.416
302483.035 4123762.416
302482.306 4123761.105
302482.306 4123761.105
302481.856 4123760.295
302481.856 4123760.295
302481.834 4123760.256
302481.834 4123760.256
302481.42 4123759.512
302481.42 4123759.512
302481.397 4123759.47
302481.397 4123759.47
302480.668 4123758.159
302480.668 4123758.159
302480.436 4123757.742
302480.436 4123757.742
302480.415 4123757.703
302480.415 4123757.703
302480.18 4123757.282
302480.18 4123757.282
302480.161 4123757.248
302480.161 4123757.248
302479.748 4123756.499
302479.748 4123756.499
302479.305 4123755.703
302479.305 4123755.703
302479.3 4123755.694
302479.3 4123755.694
302478.575 4123754.381
302478.575 4123754.381
302478.066 4123753.466
302478.066 4123753.466
302477.94 4123753.239
302477.94 4123753.239
302477.801 4123752.99
302477.801 4123752.99
302477.755 4123752.908
302477.755 4123752.908
302477.03 4123751.595
302477.03 4123751.595
302476.766 4123751.118
302476.766 4123751.118
302476.546 4123750.722
302476.546 4123750.722
302476.483 4123750.608
302476.483 4123750.608
302476.218 4123750.131
302476.218 4123750.131
302475.493 4123748.818
302475.493 4123748.818
302475.221 4123748.327
302475.221 4123748.327
302475.211 4123748.308
302475.211 4123748.308
302474.723 4123747.428
302474.723 4123747.428
302473.998 4123746.115
302473.998 4123746.115
302473.92 4123745.976
302473.92 4123745.976
302473.496 4123745.211
302473.496 4123745.211
302473.445 4123745.119
302473.445 4123745.119
302473.282 4123744.824
302473.282 4123744.824
302472.553 4123743.513
302472.553 4123743.513
302472.237 4123742.944
302472.237 4123742.944
302471.872 4123742.286
302471.872 4123742.286
302471.737 4123742.042
302471.737 4123742.042
302471.008 4123740.731
302471.008 4123740.731
302470.536 4123739.879
302470.536 4123739.879
302470.409 4123739.65
302470.409 4123739.65
302469.68 4123738.339
302469.68 4123738.339
302469.375 4123737.79
302469.375 4123737.79
302469.308 4123737.669
302469.308 4123737.669
302469.009 4123737.129
302469.009 4123737.129
302468.835 4123736.815
302468.835 4123736.815
302468.106 4123735.504
302468.106 4123735.504
302467.975 4123735.268
302467.975 4123735.268
302467.609 4123734.608
302467.609 4123734.608
302467.472 4123734.362
302467.472 4123734.362
302467.386 4123734.206
302467.386 4123734.206
302466.657 4123732.896
302466.657 4123732.896
302466.398 4123732.429
302466.398 4123732.429
302466.254 4123732.169
302466.254 4123732.169
302465.94 4123731.605
302465.94 4123731.605
302465.919 4123731.568
302465.393 4123730.622
302465.372 4123730.584
302465.19 4123730.257
302465.039 4123729.986
302464.857 4123729.658
302464.857 4123729.658
302464.744 4123729.454
302464.744 4123729.454
302464.452 4123728.928
302464.452 4123728.928
302463.905 4123727.945
302463.738 4123727.645
302463.723 4123727.617
302463.635 4123727.46
302463.556 4123727.317
302463.453 4123727.132
302463.453 4123727.132
302463.137 4123726.563
302463.137 4123726.563
302463.078 4123726.456
302463.078 4123726.456
302462.525 4123725.463
302462.349 4123725.146
302462.315 4123725.086
302462.139 4123724.768
302462.0 4123724.517
302461.823 4123724.199
302461.823 4123724.199
302461.822 4123724.197
302461.822 4123724.197
302461.354 4123723.355
302461.264 4123723.193
302460.796 4123722.351
302460.795 4123722.35
302460.625 4123722.045
302460.624 4123722.044
302460.624 4123722.044
302460.361 4123721.57
302460.361 4123721.57
302460.097 4123721.095
302460.097 4123721.095
302459.543 4123720.096
302459.543 4123720.096
302459.103 4123719.304
302459.103 4123719.304
302458.534 4123718.279
302458.375 4123717.992
302458.026 4123717.363
302457.867 4123717.077
302457.867 4123717.077
302457.428 4123716.287
302457.428 4123716.287
302456.805 4123715.153
302456.805 4123715.153
302456.55 4123714.694
302456.55 4123714.694
302456.295 4123714.236
302456.295 4123714.236
302455.764 4123713.269
302455.573 4123712.921
302455.508 4123712.805
302455.316 4123712.458
302455.316 4123712.458
302455.116 4123712.098
302455.116 4123712.098
302454.737 4123711.413
302454.737 4123711.413
302454.155 4123710.349
302454.155 4123710.349
302453.96 4123709.997
302453.96 4123709.997
302453.588 4123709.325
302453.588 4123709.325
302453.012 4123708.272
302452.868 4123708.01
302452.676 4123707.663
302452.531 4123707.401
302452.531 4123707.401
302452.378 4123707.132
302452.378 4123707.132
302452.151 4123706.738
302452.151 4123706.737
302451.652 4123705.861
302451.652 4123705.861
302450.903 4123704.561
302450.903 4123704.561
302450.54 4123703.922
302450.54 4123703.922
302450.524 4123703.894
302450.524 4123703.894
302450.318 4123703.556
302450.318 4123703.556
302449.86 4123702.796
302449.86 4123702.796
302449.081 4123701.515
302449.081 4123701.515
302448.767 4123700.995
302448.767 4123700.995
302448.749 4123700.968
302448.749 4123700.968
302448.435 4123700.48
302448.435 4123700.48
302448.036 4123699.86
302448.036 4123699.86
302447.2 4123698.634
302447.2 4123698.634
302447.05 4123698.419
302447.05 4123698.419
302446.998 4123698.345
302446.998 4123698.345
302446.544 4123697.692
302446.544 4123697.692
302446.184 4123697.176
302445.9 4123696.771
302445.539 4123696.255
302445.487 4123696.182
302445.323 4123695.948
302445.271 4123695.876
302445.271 4123695.876
302444.946 4123695.425
302444.946 4123695.425
302444.591 4123694.957
302444.591 4123694.957
302444.48 4123694.804
302444.48 4123694.804
302442.528 4123692.527
302442.016 4123691.93
302440.011 4123689.72
302439.708 4123689.386
302437.741 4123687.424
302435.44 4123685.497
302434.476 4123684.689
302431.738 4123683.185
302429.0 4123681.984
302426.745 4123681.109

