302438.467 4123668.713
302439.292 4123670.782
302440.4 4123673.557
302441.688 4123676.265
302442.971 4123678.964
302443.237 4123679.508
302444.543 4123682.189
302445.849 4123684.869
302446.074 4123685.295
302447.472 4123687.929
302448.871 4123690.562
302449.867 4123692.425
302451.276 4123695.06
302451.388 4123695.261
302452.835 4123697.871
302454.282 4123700.48
302454.4922419839 4123700.817153729
302454.687 4123701.149
302454.687 4123701.149
302454.702 4123701.177
302454.702 4123701.177
302455.082 4123701.825
302455.082 4123701.825
302455.712 4123702.908
302455.712 4123702.908
302456.21 4123703.762
302456.21 4123703.762
302456.621 4123704.538
302456.621 4123704.538
302457.125 4123705.424
302457.125 4123705.424
302457.852 4123706.736
302457.852 4123706.736
302458.235 4123707.397
302458.235 4123707.397
302458.446 4123707.763
302458.446 4123707.763
302458.477 4123707.82
302458.477 4123707.82
302458.932 4123708.642
302458.932 4123708.642
302459.307 4123709.325
302459.307 4123709.325
302459.494 4123709.677
302459.494 4123709.677
302459.757 4123710.141
302459.757 4123710.141
302460.391 4123711.281
302460.391 4123711.281
302460.651 4123711.731
302460.651 4123711.731
302460.902 4123712.204
302460.902 4123712.204
302461.365 4123713.03
302461.365 4123713.03
302461.806 4123713.809
302461.806 4123713.809
302462.455 4123714.951
302462.547 4123715.113
302462.967 4123715.864
302463.058 4123716.027
302463.058 4123716.027
302463.311 4123716.484
302463.751 4123717.275
302463.751 4123717.275
302463.958 4123717.687
302464.071 4123717.911
302464.071 4123717.911
302464.339 4123718.378
302464.339 4123718.378
302464.731 4123719.084
302464.731 4123719.084
302464.996 4123719.571
302464.996 4123719.571
302465.46 4123720.413
302465.46 4123720.413
302466.183 4123721.727
302466.183 4123721.727
302466.492 4123722.287
302466.492 4123722.287
302466.708 4123722.679
302466.708 4123722.679
302467.162 4123723.503
302467.162 4123723.503
302467.528 4123724.172
302467.528 4123724.172
302467.805 4123724.663
302468.078 4123725.155
302468.351 4123725.646
302468.533 4123725.974
302468.639 4123726.169
302468.819 4123726.499
302468.819 4123726.499
302468.931 4123726.706
302468.931 4123726.706
302469.286 4123727.344
302469.478 4123727.69
302469.833 4123728.327
302470.015 4123728.655
302470.015 4123728.655
302470.326 4123729.211
302470.326 4123729.211
302470.671 4123729.832
302470.671 4123729.832
302471.075 4123730.561
302471.075 4123730.561
302471.297 4123730.965
302471.297 4123730.965
302471.842 4123731.949
302472.023 4123732.277
302472.209 4123732.606
302472.393 4123732.932
302472.393 4123732.932
302472.698 4123733.483
302472.698 4123733.483
302473.425 4123734.795
302473.425 4123734.795
302473.722 4123735.334
302473.722 4123735.334
302474.097 4123736.006
302474.097 4123736.006
302474.824 4123737.318
302474.824 4123737.318
302475.421 4123738.403
302475.421 4123738.403
302476.147 4123739.715
302476.147 4123739.715
302476.646 4123740.615
302476.646 4123740.615
302476.963 4123741.18
302476.963 4123741.18
302477.69 4123742.492
302477.69 4123742.492
302478.281 4123743.554
302478.281 4123743.554
302478.29 4123743.568
302478.29 4123743.568
302478.849 4123744.589
302478.849 4123744.589
302479.576 4123745.901
302479.576 4123745.901
302479.867 4123746.412
302479.867 4123746.412
302480.118 4123746.891
302480.118 4123746.891
302480.845 4123748.203
302480.845 4123748.203
302481.139 4123748.716
302481.139 4123748.716
302481.453 4123749.27
302481.453 4123749.27
302482.18 4123750.582
302482.18 4123750.582
302482.431 4123751.064
302482.431 4123751.064
302482.953 4123751.975
302482.953 4123751.975
302483.68 4123753.287
302483.68 4123753.287
302484.132 4123754.126
302484.132 4123754.126
302484.386 4123754.579
302484.386 4123754.579
302485.113 4123755.891
302485.113 4123755.891
302485.344 4123756.312
302485.344 4123756.312
302485.811 4123757.14
302485.811 4123757.14
302486.538 4123758.452
302486.538 4123758.452
302486.999 4123759.294
302486.999 4123759.294
302487.305 4123759.863
302487.305 4123759.863
302488.032 4123761.175
302488.032 4123761.175
302488.493 4123761.979
302488.493 4123761.979
302488.66 4123762.297
302488.66 4123762.297
302488.822 4123762.582
302488.822 4123762.582
302489.548 4123763.894
302489.548 4123763.894
302489.837 4123764.413
302489.837 4123764.413
302490.252 4123765.16
302490.252 4123765.16
302490.979 4123766.472
302490.979 4123766.472
302491.149 4123766.767
302491.149 4123766.767
302491.559 4123767.528
302491.559 4123767.528
302492.26 4123768.795
302492.26 4123768.795
302492.529 4123769.26
302492.529 4123769.26
302492.714 4123769.589
302492.714 4123769.589
302492.967 4123770.056
302492.967 4123770.056
302493.56 4123771.141
302493.56 4123771.141
302493.851 4123771.66
302493.851 4123771.66
302493.966 4123771.871
302493.966 4123771.871
302494.237 4123772.381
302494.237 4123772.381
302494.782 4123773.333
302494.782 4123773.333
302495.065 4123773.832
302495.065 4123773.832
302495.287 4123774.213
302495.287 4123774.213
302495.895 4123775.275
302495.895 4123775.275
302496.212 4123775.843
302496.212 4123775.843
302496.42 4123776.232
302496.42 4123776.232
302496.864 4123776.934
302496.864 4123776.934
302497.189 4123777.503
302497.189 4123777.503
302497.509 4123778.084
302497.742 4123778.507
302497.817 4123778.644
302497.947 4123778.872
302498.1154487275 4123779.133442633
302498.1154487275 4123779.133442633
302498.3527319864 4123779.52496001
302498.3527319864 4123779.52496001
302498.57049955317 4123779.8849475738
302498.61274266633 4123779.9612198616
302498.79814299586 4123780.299164766
302498.82131803705 4123780.3367141993
302499.24181206716 4123781.2183954706
302499.68981206714 4123782.1763954707
302500.08481206716 4123783.0303954706
302500.4468120671 4123783.8793954705
302500.79281206714 4123784.8853954705
302501.0768120671 4123785.7323954706
302501.3868120671 4123786.7173954705
302501.59781206714 4123787.6123954705
302501.7128120671 4123788.5993954707
302501.7408120671 4123789.4613954704
302501.63581206714 4123790.4983954704
302501.3708120671 4123791.5163954706
302501.06981206714 4123792.4513954706
302500.67181206716 4123793.2233954705
302499.68181206717 4123794.4673954705
302498.6478120671 4123795.4753954704
302497.9418120671 4123796.0303954706
302497.9359076016 4123796.035376282
302497.866675833 4123796.0881801737
302497.79333709506 4123796.140397355
302497.72997242544 4123796.189680987
302497.6754084044 4123796.2330975197
302497.5789924101 4123796.3068273976
302497.3810756028 4123796.4726707307
302497.0986825922 4123796.699005354
302496.81851734454 4123796.9022203353
302496.62139023904 4123797.028944903
302496.4477306461 4123797.146282466
302496.2881515607 4123797.258926526
302496.0534764351 4123797.3997316016
302495.4245470985 4123797.7705183
302494.466 4123798.354
302494.341 4123798.425
302493.40043503273 4123798.958849679
302493.211 4123799.056
302492.165 4123799.639
302492.165 4123799.639
302491.911 4123799.778
302491.911 4123799.778
302490.596 4123800.499
302490.596 4123800.499
302489.283 4123801.224
302489.283 4123801.224
302487.6411634625 4123802.067801109
302487.288602884 4123802.263668097
302486.9882735023 4123802.4203616874
302486.64877072297 4123802.6162286755
302486.2439789477 4123802.851269061
302485.95670736517 4123803.021020451
302485.339 4123803.391
302484.026 4123804.117
302484.026 4123804.117
302482.005 4123805.228
302481.301601949 4123805.6325802915
302480.688 4123805.945
302480.688 4123805.945
302479.375 4123806.671
302479.375 4123806.671
302478.058 4123807.388
302478.058 4123807.388
302477.479 4123807.709
302477.479 4123807.709
302476.82 4123808.074
302476.167 4123808.437
302475.509 4123808.796
302474.85 4123809.155
302474.85 4123809.155
302474.775 4123809.197
302474.775 4123809.197
302473.991 4123809.659
302473.991 4123809.659
302473.222 4123810.113
302473.222 4123810.113
302472.89 4123810.315
302472.89 4123810.315
302472.323 4123810.675
302472.323 4123810.675
302471.88 4123810.958
302471.88 4123810.958
302471.46 4123811.271
302471.46 4123811.271
302470.936 4123811.668
302470.936 4123811.668
302470.542 4123811.984
302470.542 4123811.984
302470.143 4123812.332
302470.143 4123812.332
302469.701 4123812.762
302469.701 4123812.762
302469.309 4123813.174
302469.309 4123813.174
302468.765 4123813.764
302468.765 4123813.764
302468.459 4123814.119
302468.459 4123814.119
302468.028 4123814.663
302468.028 4123814.663
302467.805 4123814.991
302467.805 4123814.991
302467.48 4123815.491
302467.48 4123815.491
302467.231 4123815.888
302467.231 4123815.888
302467.002 4123816.353
302467.002 4123816.353
302466.778 4123816.78
302466.778 4123816.78
302466.551 4123817.299
302466.551 4123817.299
302466.354 4123817.806
302466.354 4123817.806
302466.17 4123818.414
302466.17 4123818.414
302466.027 4123818.989
302466.027 4123818.989
302465.893 4123819.672
302465.893 4123819.672
302465.83 4123820.249
302465.83 4123820.249
302465.786 4123821.015
302465.786 4123821.015
302465.778 4123821.504
302465.778 4123821.504
302465.769 4123822.001
302465.769 4123822.001
302465.792 4123822.538
302465.792 4123822.538
302465.833 4123822.967
302465.833 4123822.967
302465.882 4123823.342
302465.882 4123823.342
302465.961 4123823.938
302465.961 4123823.938
302466.105 4123824.512
302466.105 4123824.512
302466.261 4123825.204
302466.261 4123825.204
302466.484 4123825.86
302466.484 4123825.86
302466.734 4123826.653
302466.734 4123826.653
302466.931 4123827.163
302466.931 4123827.163
302467.123 4123827.645
302467.123 4123827.645
302467.357 4123828.169
302467.357 4123828.169
302467.556 4123828.634
302467.556 4123828.634
302467.767 4123829.051
302467.767 4123829.051
302468.117 4123829.775
302468.117 4123829.775
302468.365 4123830.267
302468.365 4123830.267
302468.905 4123831.293
302468.905 4123831.293
302469.148 4123831.774
302469.148 4123831.774
302469.243 4123831.949
302469.243 4123831.949
302469.603 4123832.607
302469.964 4123833.265
302470.328 4123833.923
302470.69 4123834.577
302470.69 4123834.577
302471.051 4123835.235
302471.411 4123835.893
302471.775 4123836.551
302472.137 4123837.205
302472.137 4123837.205
302472.498 4123837.863
302472.858 4123838.521
302473.222 4123839.179
302473.585 4123839.833
302473.585 4123839.833
302473.897 4123840.395
302473.897 4123840.395
302474.624 4123841.707
302474.624 4123841.707
302474.988 4123842.363
302475.352 4123843.018
302475.352 4123843.018
302475.985 4123844.168
302476.512 4123845.133
302476.804 4123845.669
302476.917273366 4123845.8630618933
302477.0328171013 4123846.084102082
302477.1985972431 4123846.3804968814
302477.33925918164 4123846.6266552736
302477.4698738388 4123846.877837307
302477.6004884961 4123847.113948418
302477.7110085906 4123847.289775841
302477.75496544637 4123847.3745497772
302477.77882773953 4123847.431065735
302477.78041725105 4123847.434892338
302477.78214412753 4123847.4397589895
302477.7841064872 4123847.445175102
302477.78567637486 4123847.4500417537
302477.7876779818 4123847.4549476528
302477.78936561104 4123847.4591078553
302477.7907000156 4123847.4630325744
302477.79195592576 4123847.4668787993
302477.7933295775 4123847.4703717995
302477.7944677461 4123847.4733545864
302477.79537043156 4123847.4756701705
302477.7955041174 4123847.4760614145
302477.795645162 4123847.4764183187
302477.79564989527 4123847.4764274214
302477.7956500678 4123847.476427804
302477.7956501182 4123847.4764278964
302479.20365011826 4123849.920427896
302479.48665011826 4123850.4114278965
302480.28665011824 4123851.9254278964
302480.8046501182 4123852.8284278964
302481.2176501182 4123853.4414278963
302481.2666501182 4123853.5134278964
302481.52565011824 4123853.9104278963
302482.1046501182 4123854.4854278965
302482.5616501182 4123854.8504278963
302483.06465011823 4123855.108427896
302483.45065011823 4123855.230427896
302483.74865011824 4123855.2964278962
302483.8106501182 4123855.301427896
302484.37765011826 4123855.347427896
302485.39665011823 4123855.312427896
302486.5766501182 4123855.088427896
302487.78665011824 4123854.7824278963
302488.07365011825 4123854.676427896
302488.44463473145 4123854.549904824
302488.8076666464 4123854.417258547
302489.27252857684 4123854.2556231697
302489.70537432155 4123854.0671258294
302490.33718948107 4123853.7669263617
302490.9061721939 4123853.4946524254
302491.534496662 4123853.173508808
302492.01621208753 4123852.950104553
302492.58868549176 4123852.6638678503
302493.02851261944 4123852.4265008294
302493.3356934705 4123852.251966255
302493.6150306028 4123852.0919125937
302493.6175893507 4123852.090373387
302494.327 4123851.707
302494.72 4123851.485
302496.032 4123850.759
302497.212 4123850.111
302498.265 4123849.517
302499.577 4123848.79
302500.527 4123848.255
302500.884 4123848.054
302501.837 4123847.526
302502.197 4123847.327
302503.3 4123846.724
302504.612 4123845.997
302505.345 4123845.591
302506.658 4123844.864
302507.684 4123844.296
302507.778 4123844.242
302509.09 4123843.515
302509.37445965107 4123843.367367702
302509.3931610289 4123843.3607672155
302509.62912841275 4123843.2419584636
302509.8491446214 4123843.138550846
302510.0911624509 4123843.015341769
302510.4882643203 4123842.795184355
302511.7966648034 4123842.0627171714
302512.9734519023 4123841.4089005888
302514.02350709226 4123840.8097102195
302515.33190263936 4123840.0762430476
302516.2792503078 4123839.536560368
302516.6352538234 4123839.333800665
302517.5856360073 4123838.8011030923
302517.94464935834 4123838.600328557
302519.04465951514 4123837.991891498
302520.35305506224 4123837.2584243263
302521.0840421179 4123836.8488111864
302522.39343765285 4123836.115339079
302523.4166215076 4123835.542281665
302523.51035381865 4123835.4878183394
302524.81874936575 4123834.7543511675
302525.09701543936 4123834.604975827
302525.2731059096 4123834.4963141684
302525.43811806606 4123834.3907063883
302525.56682754814 4123834.3106754925
302525.66913508513 4123834.2463207515
302525.6730891204 4123834.2441061786
302526.382343525 4123833.86044381
302526.77525304974 4123833.6382837207
302528.08695716935 4123832.9117492735
302529.2666930769 4123832.2632685965
302530.31945099455 4123831.668839655
302531.6311547066 4123830.9413052076
302532.5809366694 4123830.405918223
302532.9378547525 4123830.2047727983
302533.8906395668 4123829.6763845906
302534.2505584645 4123829.4772379436
302535.35331271135 4123828.8737886325
302536.66501642356 4123828.1462541856
302537.3978509587 4123827.739955596
302538.7105546707 4123827.0124207414
302539.73632318294 4123826.444002798
302539.83030117565 4123826.389964507
302541.14200488775 4123825.6624300596
302541.4209445695 4123825.5143164075
302541.43064185797 4123825.5092393747
302542.871 4123824.715
302544.19 4123823.999
302545.302 4123823.379
302545.357 4123823.349
302546.377 4123822.788
302546.672 4123822.626
302547.69 4123822.063
302547.984 4123821.9
302549.036 4123821.322
302549.299 4123821.178
302550.349 4123820.597
302550.611 4123820.451
302550.707 4123820.399
302552.019 4123819.672
302553.33 4123818.944
302554.208 4123818.458
302555.336 4123817.831
302556.083 4123817.422
302556.7663301077 4123817.0198979494
302557.46519563295 4123816.6105624274
302558.2638990904 4123816.1612917325
302559.07258634106 4123815.712021038
302559.82137083245 4123815.282717929
302560.5901229102 4123814.8334472347
302561.2290856762 4123814.4740306786
302562.0277891336 4123814.0946465363
302562.7865574182 4123813.6952948077
302563.5153743231 4123813.335878252
302564.0844505365 4123813.056332042
302564.6337870217 4123812.776251095
302564.6397822558 4123812.773253478
302565.30258950643 4123812.391757714
302566.34658950643 4123811.874757714
302567.01958950644 4123811.630757714
302567.75058950647 4123811.423757714
302568.37558950647 4123811.352757714
302568.96858950646 4123811.3457577145
302569.5705895064 4123811.397757714
302570.02358950645 4123811.502757714
302570.5205895064 4123811.6427577143
302571.00258950645 4123811.849757714
302571.3855895064 4123812.048757714
302571.67158950644 4123812.2477577142
302572.0205895064 4123812.5237577143
302572.3695895064 4123812.8507577144
302572.64458950644 4123813.1407577144
302572.87249930995 4123813.4028232764
302573.12124278565 4123813.672295375
302573.46671983536 4123814.066139211
302574.0885785247 4123814.7386678685
302574.3649601645 4123815.042687672
302574.48561518337 4123815.2011756515
302574.90197182796 4123815.771833828
302575.350349196 4123816.370220035
302575.7965802166 4123816.9387318646
302576.24495758465 4123817.5371180703
302576.61435631826 4123818.081121393
302577.0499187487 4123818.6977325534
302577.8585870755 4123819.932773457
302578.270584092 4123820.559861535
302578.6825094477 4123821.1859521857
302579.50458028377 4123822.4412690937
302580.3285026557 4123823.6944478215
302581.1495760628 4123824.949836391
302581.57048410503 4123825.589317759
302581.98048626375 4123826.2165491595
302582.39155751234 4123826.844706328
302582.803482868 4123827.470796978
302583.2154798843 4123828.097885057
302583.27401067223 4123828.1869195835
302583.6819463116 4123828.8132968773
302584.09123768494 4123829.4445896544
302584.50416046986 4123830.070608644
302584.91615748615 4123830.697696722
302585.27354759583 4123831.248501869
302585.7333844991 4123831.9553667936
302586.095690093 4123832.5048162057
302586.457069919 4123833.055334708
302586.9598912345 4123833.816258308
302587.7770465866 4123835.072930951
302588.1254598347 4123835.6243810467
302588.41464316146 4123836.118929329
302588.87485584687 4123836.8728884016
302589.154709833 4123837.3771301564
302589.5059178618 4123837.967479985
302589.7405175844 4123838.441888006
302590.00991312973 4123838.98197137
302590.4036855025 4123839.8158972166
302590.681763686 4123840.50474083
302590.9767381535 4123841.219440113
302591.182129862 4123841.8734028377
302591.3908063271 4123842.545175964
302591.5466907143 4123843.2217445546
302591.6551593554 4123843.810485205
302591.780762566 4123844.4842164824
302591.89673056104 4123845.2889750944
302591.9388206529 4123845.76317803
302591.9678008449 4123846.2363177016
302592.0132088943 4123846.9799756263
302592.02569364035 4123847.363065865
302592.0094312201 4123847.834443138
302591.98123867786 4123848.5723606
302591.9207602027 4123849.112082152
302591.817248957 4123849.652890272
302591.71147775813 4123850.41342525
302591.55548438104 4123851.019161221
302591.3764184646 4123851.6526218727
302591.1800921338 4123852.241204044
302591.0122805089 4123852.6963998904
302590.7840789817 4123853.2180943056
302590.5254529556 4123853.7349565485
302590.2870388522 4123854.198232617
302590.0741046348 4123854.597518253
302589.7944376352 4123855.0587452785
302589.49403960886 4123855.524469474
302589.1738905078 4123855.952512174
302588.862305779 4123856.416032353
302588.52277556015 4123856.8394520395
302588.17114452156 4123857.289808135
302587.8275354486 4123857.6704100333
302587.5118485631 4123858.0349697545
302587.15904181986 4123858.399188647
302586.82267809124 4123858.7271359633
302586.4644425849 4123859.0576572516
302586.1108959289 4123859.3557591834
302585.74381523207 4123859.6608489444
302585.43421546347 4123859.9287238843
302584.90345968655 4123860.355856539
302584.5422802521 4123860.63144757
302584.1344424612 4123860.9274346237
302583.55729749566 4123861.336846017
302582.75862656557 4123861.8724566456
302582.0676546702 4123862.344185211
302582.0360294108 4123862.364503749
302580.7772185877 4123863.1798075647
302579.5241115205 4123864.004727366
302579.4043775026 4123864.082507601
302578.1512704354 4123864.9074274017
302576.8901781102 4123865.7188848243
302576.8537806887 4123865.7425539535
302575.60167105054 4123866.5674020937
302574.3474232324 4123867.390398698
302573.93472996703 4123867.6606675796
302572.6826203291 4123868.4855157197
302572.05325074797 4123868.893666343
302571.4238811671 4123869.301816965
302570.17077409965 4123870.1267367657
302569.54133285815 4123870.533889959
302569.44553131144 4123870.5959146614
302568.9119632768 4123870.942040582
302568.71451893216 4123871.068514811
302568.58749573026 4123871.141549343
302568.4382423628 4123871.223590447
302568.3097922872 4123871.299132159
302568.1783160933 4123871.3673841394
302568.06560081546 4123871.435539418
302567.9652437633 4123871.5015556198
302567.86550545855 4123871.55876903
302567.75519028096 4123871.625500681
302567.65545197646 4123871.682714092
302567.5434448775 4123871.7433113456
302567.4650391813 4123871.783977808
302567.39239948126 4123871.8240491706
302567.2366533673 4123871.9029422095
302567.04190370045 4123872.0093015167
302566.69076330133 4123872.235261652
302566.1748509072 4123872.5853450624
302565.6773639557 4123872.8985775877
302565.1798770042 4123873.1841719486
302564.71924093796 4123873.4974044734
302564.32309392106 4123873.773786113
302564.0544855149 4123873.9695564406
302564.052454332 4123873.9715650533
302562.88360156876 4123874.6597012584
302561.90660156874 4123875.263701258
302560.82960156875 4123876.0117012584
302560.28260156873 4123876.441701258
302559.5986015687 4123877.066701258
302558.97760156874 4123877.7647012584
302558.4796015687 4123878.537701258
302557.78506519593 4123879.752349168
302557.4007934195 4123880.7882122174
302557.2170112656 4123881.5901707076
302557.0499365802 4123883.2275026245
302557.13869500696 4123884.5787191433
302557.7067489373 4123886.082391312
302558.68726849713 4123887.9055938157
302558.8219724624 4123888.1624711445
302558.8375959265 4123888.1854026597
302558.9325656603 4123888.3670396144
302559.02384710644 4123888.5265481337
302559.1197389213 4123888.7146392153
302559.21368069167 4123888.8833311927
302560.6439360136 4123891.411034911
302562.0469599034 4123893.9350216314
302563.2409806699 4123896.1290103295
302564.43600144645 4123898.3239990184
302565.5130197235 4123900.2549888245
302566.5890380006 4123902.18597864
302567.4900533722 4123903.809970111
302568.3910687532 4123905.4349615835
302569.10908163537 4123906.7959547876
302569.82699484896 4123908.1569885616
302569.827 4123908.157
302570.609 4123909.64
302571.391 4123911.123
302572.616 4123913.52
302573.974 4123916.189
302575.325 4123918.853
302575.798 4123919.785
302577.106 4123922.479
302577.757 4123923.835
302578.408 4123925.192
302578.876 4123926.173
302579.526 4123927.548
302580.176 4123928.923
302580.808 4123930.289
302581.439 4123931.655
302582.372 4123933.683
302583.569 4123936.403
302584.168 4123937.825
302584.767 4123939.247
302585.906 4123941.988
302586.454 4123943.403
302587.001 4123944.817
302588.086 4123947.595
302588.655 4123949.048
302589.167 4123950.48
302589.679 4123951.913
302590.166 4123953.35
302590.654 4123954.787
302590.849 4123955.364
302591.312 4123956.81
302591.775 4123958.256
302591.921 4123958.736
302592.757 4123961.606
302593.325 4123963.553
302593.728 4123965.013
302594.132 4123966.472
302594.21 4123966.759
302594.533 4123968.307
302594.856 4123969.855
302595.01 4123970.683
302595.452 4123973.592
302595.638 4123975.135
302595.824 4123976.678
302596.054 4123979.205
302596.263 4123982.182
302596.289 4123982.555
302596.368 4123984.07
302596.447 4123985.585
302596.54 4123987.453
302596.636 4123989.653
302596.73149259714 4123991.7670095563
302596.7764196666 4123993.6539464747
302596.7764196666 4123995.4061021847
302596.8213467361 4123996.933622547
302596.86627380556 4123998.730705326
302596.9561279446 4124000.5277881054
302597.04598208354 4124002.190089676
302597.090909153 4124004.1668807333
302597.090909153 4124005.8741093734
302597.1358362225 4124007.8958275
302597.22569036146 4124009.7827644185
302597.3155445004 4124011.445065989
302597.3267762678 4124012.781646306
302597.32282368635 4124013.5292316135
302597.313 4124013.536
302597.601 4124016.073
302597.791 4124017.573
302597.981 4124019.073
302598.121 4124020.211
302598.478 4124023.179
302598.724 4124025.232
302599.089 4124028.189
302599.453 4124031.149
302599.506 4124031.574
302599.862 4124034.53
302600.222 4124037.493
302600.331 4124038.39
302600.475 4124040.315
302600.506 4124041.87
302600.537 4124043.426
302600.542 4124043.83
302600.539 4124045.383
302600.537 4124046.936
302600.537 4124046.936
302600.544 4124049.931
302600.55 4124052.926
302600.557 4124055.921
302600.561 4124057.7
302600.56081095105 4124057.7105773194
302600.55846411287 4124057.968729516
302600.55142359843 4124058.236269065
302600.54203624587 4124058.473299718
302600.5396894077 4124058.705636695
302600.54203624587 4124058.9309331574
302600.5346576502 4124059.130670127
302600.5346576502 4124059.280867763
302600.45771903364 4124059.728170708
302600.22824102256 4124060.2301538573
302599.69757312187 4124060.8468760117
302599.0665085914 4124061.6070219236
302598.4009711363 4124062.983968933
302597.7008148688 4124064.582444656
302597.3762639839 4124065.9101528213
302597.18448391557 4124066.85430085
302597.0443369425 4124067.702558845
302597.039 4124067.812
302597.013 4124069.325
302596.979 4124072.138
302596.966 4124075.135
302596.953 4124078.132
302596.946 4124079.632
302596.939 4124081.133
302596.938 4124081.263
302596.922 4124084.247
302596.906 4124087.231
302596.889 4124090.215
302596.873 4124093.199
302596.863 4124094.975
302596.86362110876 4124094.9980258783
302596.85255687404 4124095.230374807
302596.82674032636 4124095.5549256923
302596.79281782673 4124096.044252535
302596.7703542793 4124097.100039264
302596.7254271844 4124098.0435082563
302596.702963637 4124098.9645137014
302596.6580365421 4124099.840592051
302596.6580365421 4124100.716670401
302596.6355729947 4124101.547821656
302596.6355729947 4124102.3565093637
302596.6355729947 4124103.3224419034
302596.61310944724 4124104.2209838005
302596.5906458998 4124105.0970621505
302596.5906458998 4124105.950676953
302596.5906458998 4124106.826755303
302596.5681823524 4124107.702833653
302596.58503001294 4124108.129641054
302596.5796390845 4124108.520364737
302596.5796390845 4124108.918677187
302596.57226292806 4124109.243228072
302596.5698281908 4124109.574843774
302596.56488677155 4124109.9402748575
302596.5580939927 4124110.311751414
302596.55809399276 4124110.3328729696
302596.56044083234 4124110.795200375
302596.5580939927 4124111.257527779
302596.5463597946 4124111.6916931076
302596.5393192758 4124112.163407869
302596.5299319174 4124112.7548114522
302596.53277961886 4124113.5798671637
302596.5317796189 4124114.226867164
302596.5127796189 4124116.350867164
302596.48477961886 4124118.395867164
302596.15877961885 4124120.4638671638
302595.6377796189 4124122.714867164
302594.9607796189 4124124.681867164
302594.1607796189 4124126.164867164
302592.5627796189 4124128.3158671637
302591.1347796189 4124129.765867164
302589.63677961886 4124130.888867164
302588.2857796189 4124131.438867164
302587.0407796189 4124131.787867164
302585.3593576072 4124131.9339308375
302585.35193483176 4124131.934358205
302585.1685879869 4124131.9390518833
302584.9925750157 4124131.9437455623
302584.81546976574 4124131.947605524
302583.1874697658 4124131.906605524
302581.56046976574 4124131.8656055243
302581.56046976574 4124131.8656055243
302580.06046976574 4124131.869605524
302580.06046976574 4124131.869605524
302578.94046976574 4124131.841605524
302578.94046976574 4124131.841605524
302578.4364697658 4124131.842605524
302578.4364697658 4124131.842605524
302577.0994697658 4124131.821605524
302577.0994697658 4124131.821605524
302575.5994697658 4124131.8086055242
302575.5994697658 4124131.8086055242
302575.07146976574 4124131.799605524
302575.07146976574 4124131.799605524
302574.0784697658 4124131.7916055243
302572.50531979115 4124131.5379585093
302570.99658300955 4124131.055784899
302569.7056020521 4124130.3403014764
302568.11909533327 4124129.438170205
302566.7347904512 4124128.7071327954
302565.44529102516 4124128.2706512143
302564.1779983988 4124128.0594357764
302562.6290851889 4124127.9538280587
302561.3336305042 4124128.0031116605
302561.28811612586 4124128.001956576
302561.22035117296 4124128.0028366405
302561.16798734566 4124128.0037167044
302561.09850579157 4124128.004579406
302561.0263457139 4124128.0068204026
302560.94163605745 4124128.0086131995
302560.8609601942 4124128.012198793
302560.66375252843 4124128.022955574
302560.47371605044 4124128.030126762
302560.24423803936 4124128.033712356
302560.02551681007 4124128.033712356
302559.79245320504 4124128.0265411683
302559.57373197575 4124128.022955574
302559.3514251525 4124128.022955574
302559.0789200143 4124128.0193699803
302558.77773012477 4124128.012198793
302558.50881058053 4124128.0050276048
302558.2434766302 4124128.001442011
302557.9924850556 4124127.990685229
302557.6877095721 4124127.987099635
302557.4438891853 4124127.983514041
302557.2137563421 4124127.9839999992
302557.02575634216 4124127.9839999992
302556.2247563421 4124127.984999999
302556.0357563422 4124127.985999999
302554.75675634213 4124127.993999999
302554.5677563421 4124127.992999999
302553.26575634215 4124127.987999999
302553.2646367405 4124127.9880000004
302551.7286367405 4124127.9700000007
302551.13163674047 4124127.9670000006
302549.68563674047 4124127.9600000004
302549.49063674046 4124127.9590000003
302549.01948508865 4124127.9389320016
302548.5140552714 4124127.9220843413
302548.05916843587 4124127.9220843413
302547.59585777 4124127.9052366805
302547.1493947648 4124127.9052366805
302546.7113555898 4124127.89681285
302546.2227734331 4124127.89681285
302545.7931580884 4124127.9052366805
302545.3803904043 4124127.89681285
302544.9928942111 4124127.9052366805
302544.59697418753 4124127.89681285
302544.0662728794 4124127.88838902
302543.70404817705 4124127.8715413595
302543.3586711352 4124127.8715413595
302543.0554132449 4124127.8715413595
302542.88157400675 4124127.8734066547
302542.7211412081 4124127.868013955
302542.6325829773 4124127.868688043
302542.5899366013 4124127.8735417854
302542.23835459724 4124127.8719879016
302540.1113545972 4124127.7289879015
302539.1333545972 4124127.6389879016
302537.6583545972 4124127.5449879016
302537.1043545972 4124127.395987902
302536.42835459724 4124127.1169879017
302535.6153545972 4124126.702987902
302535.0453545972 4124126.3669879017
302534.61335459724 4124126.0629879017
302534.04235459724 4124125.5099879014
302533.6163545972 4124125.0799879017
302533.3453545972 4124124.7529879017
302532.8923545972 4124124.2529879017
302532.57435459725 4124123.7979879016
302532.1803545972 4124123.2239879016
302531.93835459725 4124122.7209879016
302531.70435459726 4124122.1889879014
302531.4313545972 4124121.4559879014
302531.29335459723 4124120.7719879015
302531.1823545972 4124120.122987902
302531.00435459724 4124118.915987902
302530.8663545972 4124117.7999879015
302530.61593473126 4124115.8100395836
302530.59498784505 4124115.406063921
302530.5948437621 4124115.4038161268
302530.5942996871 4124115.1353151305
302530.60036044795 4124114.8318758095
302530.5841823506 4124114.486743066
302530.57199627906 4124114.204315658
302530.5467247882 4124113.8083956344
302530.53830095794 4124113.4882900836
302530.53830095794 4124113.185032193
302530.53830095794 4124112.822807491
302530.5298771277 4124112.4774304493
302530.52145329735 4124112.1404772378
302530.5046056368 4124111.854067008
302530.5066467022 4124111.5383447604
302530.50264670217 4124111.1793447603
302530.50264670217 4124111.1793447603
302530.50564670213 4124110.6463447604
302530.50564670213 4124110.6463447604
302530.51064670214 4124109.72134476
302530.51064670214 4124109.72134476
302530.51564670214 4124108.22134476
302530.51564670214 4124108.22134476
302530.5176467022 4124107.86934476
302530.5176467022 4124107.86934476
302530.52564670215 4124106.3953447603
302530.52564670215 4124106.3953447603
302530.53064670216 4124104.8953447603
302530.53064670216 4124104.8953447603
302530.5396467022 4124103.4443447604
302530.5396467022 4124103.4443447604
302530.54364670214 4124101.9443447604
302530.54364670214 4124101.9443447604
302530.54764670215 4124101.2163447603
302530.54764670215 4124101.2163447603
302530.55264670216 4124100.5343447602
302530.55264670216 4124100.5343447602
302530.55864670215 4124099.5213447604
302530.55864670215 4124099.5213447604
302530.56764670217 4124098.0213447604
302530.56764670217 4124098.0213447604
302530.5716467022 4124097.42534476
302530.5716467022 4124097.42534476
302530.57564670214 4124096.6323447605
302530.57564670214 4124096.6323447605
302530.58564670215 4124095.1323447605
302530.58564670215 4124095.1323447605
302530.58664670214 4124094.87734476
302530.58664670214 4124094.87734476
302530.5936467022 4124093.7703447603
302530.5936467022 4124093.7703447603
302530.60264670214 4124092.2703447603
302530.60264670214 4124092.2703447603
302530.60864670214 4124091.17534476
302530.60864670214 4124091.17534476
302530.6106467022 4124090.81734476
302530.6106467022 4124090.81734476
302530.6156467022 4124089.9753447603
302530.6156467022 4124089.9753447603
302530.62364670215 4124088.4753447603
302530.62364670215 4124088.4753447603
302530.6266467022 4124087.8953447603
302530.6266467022 4124087.8953447603
302530.62864670216 4124087.4323447603
302530.62864670216 4124087.4323447603
302530.6326467022 4124086.5803447603
302530.6326467022 4124086.5803447603
302530.64064670214 4124085.0803447603
302530.64064670214 4124085.0803447603
302530.64364670217 4124084.5153447604
302530.64364670217 4124084.5153447604
302530.64564670215 4124083.95134476
302530.64564670215 4124083.95134476
302530.65464670217 4124082.45134476
302530.65464670217 4124082.45134476
302530.6586467022 4124081.5063447603
302530.6586467022 4124081.5063447603
302530.66164670215 4124080.96534476
302530.66164670215 4124080.96534476
302530.66364670213 4124080.43134476
302530.66364670213 4124080.43134476
302530.66764670215 4124079.4813447604
302530.66764670215 4124079.4813447604
302530.6756467022 4124077.9813447604
302530.6756467022 4124077.9813447604
302530.67964670213 4124077.15334476
302530.67964670213 4124077.15334476
302530.6806467022 4124076.8363447604
302530.6806467022 4124076.8363447604
302530.68764670216 4124075.3363447604
302530.68764670216 4124075.3363447604
302530.68864670215 4124075.2823447604
302530.68864670215 4124075.2823447604
302530.6916467022 4124074.4213447603
302530.6916467022 4124074.4213447603
302530.69864670216 4124072.9213447603
302530.69864670216 4124072.9213447603
302530.70364670217 4124071.83534476
302530.70364670217 4124071.83534476
302530.70464670216 4124071.35234476
302530.70464670216 4124071.35234476
302530.7086467022 4124070.44234476
302530.7086467022 4124070.44234476
302530.71164670214 4124069.38934476
302530.71164670214 4124069.38934476
302530.71664670215 4124067.88934476
302530.71664670215 4124067.88934476
302530.7186467022 4124067.35234476
302530.7186467022 4124067.35234476
302530.7236467021 4124065.85234476
302530.7236467021 4124065.85234476
302530.72764670214 4124064.7313447604
302530.72764670214 4124064.7313447604
302530.7296467022 4124064.1943447604
302530.7296467022 4124064.1943447604
302530.73064670217 4124063.9733447605
302530.73064670217 4124063.9733447605
302530.7346467022 4124062.6793447603
302530.7356467022 4124062.4733447605
302530.74164670217 4124062.0203447603
302530.74364670215 4124061.8133447603
302530.75264670217 4124061.09334476
302530.75564670213 4124060.88634476
302530.7186467022 4124058.8533447604
302530.7026467022 4124057.9983447604
302530.70164670213 4124057.9273447604
302530.70164670213 4124057.0203447603
302530.70164670213 4124055.80934476
302530.71164670214 4124054.98234476
302530.7196467022 4124054.3193447604
302530.72564670217 4124053.81534476
302530.72864670213 4124053.55634476
302530.73264670215 4124053.2313447604
302530.75964670215 4124052.1403447604
302530.77064670215 4124051.7143447604
302530.78164670215 4124051.2713447604
302530.79364670214 4124050.8073447603
302530.8106467021 4124050.2003447604
302530.8276467022 4124049.6123447604
302530.83664670214 4124049.27834476
302530.8546467022 4124048.6283447603
302530.86464670213 4124048.19834476
302530.87364670215 4124047.81734476
302530.88564670214 4124047.3083447604
302530.88964670216 4124047.2543447604
302530.9746467022 4124046.07634476
302530.9906467022 4124045.8703447604
302531.02064670215 4124045.49934476
302531.0446467022 4124045.1993447603
302531.0776467022 4124044.78934476
302531.13064670213 4124044.12434476
302531.15464670217 4124043.8273447603
302531.15664670215 4124043.7993447604
302531.19964670215 4124043.1823447603
302531.24164670217 4124042.58234476
302531.23800000007 4124042.560976364
302531.23800000007 4124042.5589763643
302531.27300000004 4124042.0569763645
302531.31100000005 4124041.517976364
302531.37000000005 4124040.6729763644
302531.40800000005 4124040.128976364
302531.40800000005 4124040.128976364
302531.40800000005 4124039.511976364
302531.40800000005 4124039.511976364
302531.41300000006 4124038.6239763643
302531.41300000006 4124038.6239763643
302531.41300000006 4124037.1239763643
302531.41300000006 4124037.1239763643
302531.41900000005 4124035.9989763643
302531.42100000003 4124035.6239763643
302531.42100000003 4124035.6239763643
302531.42400000006 4124034.8349763644
302531.42400000006 4124034.8349763644
302531.42900000006 4124034.296976364
302531.42900000006 4124034.296976364
302531.43400000007 4124032.796976364
302531.43400000007 4124032.796976364
302531.4490000001 4124031.296976364
302531.4490000001 4124031.296976364
302531.4540000001 4124029.796976364
302531.4540000001 4124029.796976364
302531.46800000005 4124028.296976364
302531.46800000005 4124028.296976364
302531.4770000001 4124027.4059763644
302531.4770000001 4124027.4059763644
302531.48300000007 4124025.9059763644
302531.48300000007 4124025.9059763644
302531.49400000006 4124024.7809763644
302531.4980000001 4124024.4059763644
302531.51600000006 4124023.582976364
302531.52400000003 4124023.2069763644
302531.52400000003 4124023.2069763644
302531.5470000001 4124022.0909763644
302531.5470000001 4124022.0909763644
302531.56600000005 4124021.0939763645
302531.56600000005 4124021.0939763645
302531.59900000005 4124020.315976364
302531.59900000005 4124020.3149763644
302531.65700000006 4124019.247976364
302531.65700000006 4124019.247976364
302531.72900000005 4124018.5619763643
302531.72900000005 4124018.5619763643
302531.83100000006 4124017.608976364
302531.83100000006 4124017.608976364
302531.91900000005 4124017.0079763643
302531.91900000005 4124017.0079763643
302532.05100000004 4124016.2609763644
302532.05100000004 4124016.2609763644
302532.18100000004 4124015.679976364
302532.18100000004 4124015.679976364
302532.3780000001 4124014.9789763642
302532.3780000001 4124014.9789763642
302532.55400000006 4124014.4509763643
302532.55400000006 4124014.4509763643
302532.80700000003 4124013.7919763643
302532.80700000003 4124013.7919763643
302532.98500000004 4124013.3859763644
302532.98500000004 4124013.3859763644
302533.32300000003 4124012.6819763645
302533.32300000003 4124012.6819763645
302533.52200000006 4124012.284976364
302533.52200000006 4124012.284976364
302533.7310000001 4124011.9059763644
302533.7310000001 4124011.9059763644
302533.96300000005 4124011.457976364
302533.96300000005 4124011.457976364
302534.29000000004 4124010.938976364
302534.29000000004 4124010.938976364
302534.6560000001 4124010.3599763643
302534.6560000001 4124010.3599763643
302535.03500000003 4124009.8889763644
302535.03500000003 4124009.8889763644
302535.3020000001 4124009.531976364
302535.3020000001 4124009.531976364
302535.6720000001 4124009.105976364
302535.6720000001 4124009.105976364
302536.15700000006 4124008.554976364
302536.15700000006 4124008.554976364
302536.5300000001 4124008.188976364
302536.5300000001 4124008.188976364
302537.05900000007 4124007.690976364
302537.05900000007 4124007.690976364
302537.54900000006 4124007.3039763644
302537.54900000006 4124007.3039763644
302538.06700000004 4124006.8799763643
302538.06700000004 4124006.8799763643
302538.55100000004 4124006.548976364
302538.55100000004 4124006.548976364
302539.1500000001 4124006.171976364
302539.1500000001 4124006.171976364
302539.6670000001 4124005.869976364
302539.6670000001 4124005.869976364
302540.2150000001 4124005.585976364
302540.2150000001 4124005.585976364
302540.91400000005 4124005.2319763643
302540.91400000005 4124005.2319763643
302541.3680000001 4124005.0479763644
302541.3680000001 4124005.0479763644
302542.3140000001 4124004.7119763643
302542.3140000001 4124004.7119763643
302542.7530000001 4124004.5589763643
302542.7530000001 4124004.5589763643
302543.13200000004 4124004.4429763644
302543.13200000004 4124004.4429763644
302544.07800000004 4124004.190976364
302544.07800000004 4124004.190976364
302545.18200000003 4124003.9599763644
302545.18200000003 4124003.9599763644
302546.20200000005 4124003.787976364
302546.20200000005 4124003.787976364
302546.74700000003 4124003.707976364
302546.74700000003 4124003.707976364
302547.68500000006 4124003.6079763644
302547.68500000006 4124003.6079763644
302548.22200000007 4124003.5499763642
302548.22200000007 4124003.5499763642
302548.6720000001 4124003.5199763644
302548.6720000001 4124003.5199763644
302550.0520000001 4124003.4459763644
302550.0520000001 4124003.4459763644
302550.49400000006 4124003.4259763644
302550.49400000006 4124003.4259763644
302550.9270000001 4124003.4139763643
302550.9270000001 4124003.4139763643
302551.61300000007 4124003.4109763643
302551.61300000007 4124003.4109763643
302552.5910000001 4124003.4089763644
302552.5910000001 4124003.4089763644
302553.26300000004 4124003.4119763644
302553.26300000004 4124003.4119763644
302553.2910000001 4124003.4119763644
302553.2910000001 4124003.4119763644
302554.79000000004 4124003.409976364
302554.7910000001 4124003.409976364
302556.29000000004 4124003.4109763643
302556.2910000001 4124003.4109763643
302556.74100000004 4124003.4149763645
302556.7420000001 4124003.4149763645
302558.24100000004 4124003.4279763643
302558.24100000004 4124003.4279763643
302559.74100000004 4124003.4289763644
302559.74100000004 4124003.4289763644
302561.17900000006 4124003.4319763645
302561.17900000006 4124003.4319763645
302562.67900000006 4124003.432976364
302562.67900000006 4124003.432976364
302564.17900000006 4124003.4369763643
302564.17900000006 4124003.4369763643
302565.67900000006 4124003.437976364
302565.67900000006 4124003.437976364
302567.17900000006 4124003.440976364
302567.17900000006 4124003.440976364
302568.67900000006 4124003.4419763642
302568.67900000006 4124003.4419763642
302568.84800000006 4124003.4429763644
302568.84800000006 4124003.4429763644
302570.34800000006 4124003.443976364
302570.34800000006 4124003.443976364
302571.84800000006 4124003.4519763645
302571.84800000006 4124003.4519763645
302573.34800000006 4124003.452976364
302573.34800000006 4124003.452976364
302574.84800000006 4124003.460976364
302574.84800000006 4124003.460976364
302576.62200000003 4124003.4849763643
302576.9037761483 4124003.483797534
302577.2323055295 4124003.4795856187
302577.5608349107 4124003.4753737035
302577.84303322533 4124003.4711617883
302578.09574813396 4124003.4711617883
302578.5322267437 4124003.47200785
302578.5583423421 4124003.47200785
302578.5714001412 4124003.473031486
302579.28794687253 4124003.4371225387
302579.8820767363 4124003.397949141
302580.4109176041 4124003.345717944
302581.48165713885 4124003.2412555506
302582.5850411716 4124003.0584463617
302583.5970206099 4124002.75811698
302584.41786069167 4124002.3755542813
302585.0248606917 4124002.0695542814
302585.64186069166 4124001.6735542812
302586.2248606917 4124001.201554281
302586.8118606917 4124000.488554281
302587.3768606917 4123999.761554281
302587.83086069167 4123998.9125542813
302588.23486069165 4123998.136554281
302588.65686069167 4123996.9675542815
302588.9308606917 4123995.9265542813
302589.1058606917 4123995.1035542814
302589.1501557638 4123993.6848848
302589.14786069165 4123992.448554281
302589.1323033038 4123991.8612305224
302589.1323630811 4123991.8607199527
302589.13032279996 4123991.8395010293
302589.1288499075 4123991.8190474897
302589.12769831734 4123991.800046252
302589.1209375067 4123991.6889282814
302589.11272764526 4123991.5269754343
302589.1081212846 4123991.3876330242
302589.10581810423 4123991.267867647
302589.09890856326 4123991.143495909
302589.0954842905 4123990.9912261977
302589.09969620564 4123990.822749592
302589.09969620564 4123990.6753325616
302589.09969620564 4123990.511067871
302589.0954842905 4123990.3678627564
302589.0954842905 4123990.18253849
302589.0954842905 4123990.0224857144
302589.0944678336 4123989.825089477
302588.9804678336 4123986.828089477
302588.9234678336 4123985.346089477
302588.7594678336 4123982.368089477
302588.7424678336 4123982.050089477
302588.4664678336 4123979.071089477
302588.2044678336 4123976.232089477
302587.9974678336 4123974.746089477
302587.7914678336 4123973.259089477
302587.6284678336 4123972.082089477
302586.9944678336 4123969.158089477
302586.4574678336 4123966.682089477
302585.6254678336 4123963.811089477
302585.0264678336 4123961.743089477
302584.5674678336 4123960.314089477
302584.1094678336 4123958.885089477
302583.8404678336 4123958.0480894772
302583.3534678336 4123956.628089477
302582.8664678336 4123955.208089477
302582.5034678336 4123954.152089477
302581.4804678336 4123951.333089477
302581.0004678336 4123950.011089477
302579.8814678336 4123947.239089477
302578.7634678336 4123944.467089477
302577.64446783357 4123941.695089477
302577.0714678336 4123940.275089477
302575.8604678336 4123937.542089477
302574.6504678336 4123934.810089477
302573.4394678336 4123932.077089477
302572.9374678336 4123930.944089477
302571.6414678336 4123928.248089477
302570.3464678336 4123925.552089477
302569.8184678336 4123924.455089477
302569.1414678336 4123923.116089477
302568.4634678336 4123921.778089477
302567.7864678336 4123920.439089477
302567.1084678336 4123919.101089477
302566.1894678336 4123917.286089477
302565.4984678336 4123915.955089477
302564.8064678336 4123914.624089477
302564.1154678336 4123913.293089477
302563.4234678336 4123911.961089477
302562.4784678336 4123910.144089477
302561.0384678336 4123907.512089477
302559.5984678336 4123904.881089477
302558.2264678336 4123902.375089477
302557.4974678336 4123901.064089477
302556.7674678336 4123899.752089477
302556.0374678336 4123898.441089477
302555.3084678336 4123897.129089477
302554.1304678336 4123895.013089477
302553.3007955373 4123893.430847425
302552.4686442371 4123891.6908947066
302551.56084281864 4123889.610516456
302550.7286915184 4123887.9083887963
302549.8208901 4123885.903660664
302548.95091374055 4123884.0124077084
302547.8918120857 4123881.9320294578
302546.9840106673 4123880.078601562
302546.26533454435 4123878.338648843
302545.395358185 4123876.447395888
302544.638857003 4123874.5939679923
302543.76888064365 4123872.551414801
302542.93672934343 4123870.6601618454
302542.7145071212 4123869.9745826493
302542.3505148044 4123869.2451574127
302542.35 4123869.238
302541.686 4123868.024
302541.686 4123868.024
302540.957 4123866.712
302540.957 4123866.712
302540.226 4123865.403
302540.226 4123865.403
302540.156 4123865.277
302539.428 4123863.966
302539.428 4123863.966
302538.697 4123862.657
302538.697 4123862.657
302538.684 4123862.633
302538.684 4123862.633
302537.955 4123861.322
302537.955 4123861.322
302537.311 4123860.164
302537.311 4123860.164
302536.874 4123859.378
302536.874 4123859.378
302536.145 4123858.067
302536.145 4123858.067
302535.616 4123857.114
302535.616 4123857.114
302535.178 4123856.326
302535.178 4123856.326
302534.449 4123855.015
302534.449 4123855.015
302533.921 4123854.064
302533.921 4123854.064
302533.686 4123853.621
302533.6836966805 4123853.616393329
302533.01969668054 4123852.4023933294
302533.01969668054 4123852.4023933294
302532.29069668055 4123851.090393329
302532.29069668055 4123851.090393329
302531.5596966806 4123849.781393329
302531.5596966806 4123849.781393329
302531.48969668057 4123849.655393329
302530.76169668057 4123848.344393329
302530.76169668057 4123848.344393329
302530.03069668054 4123847.0353933293
302530.03069668054 4123847.0353933293
302530.01769668056 4123847.011393329
302530.01769668056 4123847.011393329
302529.28869668057 4123845.7003933294
302529.28869668057 4123845.7003933294
302528.64469668054 4123844.542393329
302528.64469668054 4123844.542393329
302528.20769668056 4123843.7563933292
302528.20769668056 4123843.7563933292
302527.47869668057 4123842.445393329
302527.47869668057 4123842.445393329
302526.94969668053 4123841.4923933293
302526.94969668053 4123841.4923933293
302526.51169668057 4123840.704393329
302526.51169668057 4123840.704393329
302525.7826966806 4123839.3933933293
302525.7826966806 4123839.3933933293
302525.2546966805 4123838.442393329
302525.2546966805 4123838.442393329
302525.01969668054 4123837.999393329
302525.02199926163 4123838.003998471
302524.35799926164 4123836.7899984713
302524.35799926164 4123836.7899984713
302523.62899926165 4123835.477998471
302523.62899926165 4123835.477998471
302522.8979992617 4123834.168998471
302522.8979992617 4123834.168998471
302522.8279992617 4123834.042998471
302522.09999926167 4123832.731998471
302522.09999926167 4123832.731998471
302521.36899926164 4123831.422998471
302521.36899926164 4123831.422998471
302521.35599926166 4123831.398998471
302521.35599926166 4123831.398998471
302520.6269992617 4123830.087998471
302520.6269992617 4123830.087998471
302519.98299926164 4123828.929998471
302519.98299926164 4123828.929998471
302519.54599926167 4123828.143998471
302519.54599926167 4123828.143998471
302518.8169992617 4123826.832998471
302518.8169992617 4123826.832998471
302518.28799926164 4123825.879998471
302518.28799926164 4123825.879998471
302517.84999926167 4123825.091998471
302517.84999926167 4123825.091998471
302517.1209992617 4123823.780998471
302517.1209992617 4123823.780998471
302516.59299926163 4123822.829998471
302516.59299926163 4123822.829998471
302516.35799926164 4123822.386998471
302516.2656013513 4123822.234698361
302516.19231529924 4123822.10467472
302516.11430111487 4123821.981743278
302516.0457431952 4123821.8659040346
302516.0114642354 4123821.8056203453
302515.9783673087 4123821.7465186906
302515.9429063158 4123821.6732326387
302515.90626328974 4123821.602310653
302515.86725619755 4123821.5254785013
302515.83415927086 4123821.4616487143
302515.786877947 4123821.387180629
302515.7443247555 4123821.311530511
302515.7005895309 4123821.2358803926
302515.6556722732 4123821.163776374
302515.6131190817 4123821.0857621892
302515.5776580888 4123821.0290246005
302515.543379129 4123820.9758331114
302515.5261014181 4123820.9435228594
302515.5261002742 4123820.9435208943
302515.201 4123820.355
302514.63 4123819.32
302514.63 4123819.319
302514.374 4123818.858
302514.117 4123818.393
302513.389 4123817.082
302513.006 4123816.392
302512.833 4123816.079
302512.71 4123815.857
302512.537 4123815.545
302511.809 4123814.234
302511.601 4123813.859
302511.511 4123813.696
302511.304 4123813.322
302511.267 4123813.255
302511.023 4123812.814
302510.294 4123811.503
302510.276 4123811.47
302509.996 4123810.964
302509.893 4123810.778
302509.695 4123810.421
302509.592 4123810.236
302508.864 4123808.925
302508.482 4123808.236
302508.179 4123807.687
302507.45 4123806.376
302507.18 4123805.889
302506.911 4123805.402
302506.875 4123805.338
302506.607 4123804.853
302505.878 4123803.542
302505.453 4123802.775
302505.431 4123802.735
302505.43 4123802.733
302505.05 4123802.076
302505.0499999929 4123802.075999982
302504.7248997187 4123801.487479088
302504.1538997187 4123800.4524790877
302504.1538997187 4123800.451479088
302503.8978997187 4123799.990479088
302503.64089971874 4123799.525479088
302502.91289971874 4123798.214479088
302502.5298997187 4123797.524479088
302502.3568997187 4123797.211479088
302502.23389971873 4123796.9894790878
302502.0608997187 4123796.677479088
302501.3328997187 4123795.366479088
302501.12489971874 4123794.991479088
302501.0348997187 4123794.828479088
302500.8278997187 4123794.454479088
302500.7908997187 4123794.387479088
302500.5468997187 4123793.9464790877
302499.8178997187 4123792.635479088
302499.7998997187 4123792.602479088
302499.5198997187 4123792.096479088
302499.4168997187 4123791.910479088
302499.2188997187 4123791.553479088
302499.1158997187 4123791.368479088
302498.3878997187 4123790.0574790877
302498.00589971873 4123789.368479088
302497.7028997187 4123788.819479088
302496.9738997187 4123787.508479088
302496.7038997187 4123787.021479088
302496.43489971873 4123786.5344790877
302496.3988997187 4123786.470479088
302496.13089971873 4123785.985479088
302495.40189971874 4123784.674479088
302494.9768997187 4123783.907479088
302494.9548997187 4123783.867479088
302494.9538997187 4123783.865479088
302494.5738997187 4123783.208479088
302494.52079857973 4123783.099642551
302494.47115318966 4123782.9838033076
302494.4285999982 4123782.8845125274
302494.3813186743 4123782.7875858136
302494.33167328424 4123782.6764747025
302494.2749356956 4123782.560635459
302494.2087418421 4123782.437704017
302494.1425479887 4123782.3124085087
302494.0834463338 4123782.2012973977
302494.01725248044 4123782.0783659555
302493.9486945608 4123781.962526712
302493.88013664115 4123781.827774939
302493.804486523 4123781.7001153645
302493.72883640474 4123781.586640187
302493.6680000367 4123781.481000036
302493.668 4123781.481
302493.549 4123781.265
302493.304 4123780.818
302493.06 4123780.376
302492.976 4123780.226
302492.252 4123778.943
302492.026 4123778.544
302492.014 4123778.522
302491.699 4123777.964
302491.488 4123777.591
302491.115 4123776.93
302490.757 4123776.296
302490.478 4123775.801
302490.187 4123775.286
302490.187 4123775.286
302490.072 4123775.078
302490.072 4123775.078
302489.343 4123773.767
302489.343 4123773.767
302489.172 4123773.457
302489.172 4123773.457
302489.057 4123773.25
302489.057 4123773.25
302488.867 4123772.905
302488.867 4123772.905
302488.797 4123772.779
302488.797 4123772.779
302488.618 4123772.457
302488.618 4123772.457
302487.889 4123771.146
302487.889 4123771.146
302487.625 4123770.671
302487.625 4123770.671
302487.481 4123770.412
302487.481 4123770.412
302487.202 4123769.91
302487.202 4123769.91
302486.473 4123768.599
302486.473 4123768.599
302486.308 4123768.302
302486.308 4123768.302
302486.028 4123767.798
302486.028 4123767.798
302485.898 4123767.565
302485.898 4123767.565
302485.606 4123767.04
302485.606 4123767.04
302484.877 4123765.729
302484.877 4123765.729
302484.716 4123765.439
302484.716 4123765.439
302484.545 4123765.131
302484.545 4123765.131
302484.226 4123764.559
302484.226 4123764.559
302483.497 4123763.248
302483.497 4123763.248
302483.367 4123763.013
302483.367 4123763.013
302483.055 4123762.452
302483.055 4123762.452
302483.035 4123762.416
302483.035 4123762.416
302482.306 4123761.105
302482.306 4123761.105
302481.856 4123760.295
302481.856 4123760.295
302481.834 4123760.256
302481.834 4123760.256
302481.42 4123759.512
302481.42 4123759.512
302481.397 4123759.47
302481.397 4123759.47
302480.668 4123758.159
302480.668 4123758.159
302480.436 4123757.742
302480.436 4123757.742
302480.415 4123757.703
302480.415 4123757.703
302480.18 4123757.282
302480.18 4123757.282
302480.161 4123757.248
302480.161 4123757.248
302479.748 4123756.499
302479.748 4123756.499
302479.305 4123755.703
302479.305 4123755.703
302479.3 4123755.694
302479.3 4123755.694
302478.575 4123754.381
302478.575 4123754.381
302478.066 4123753.466
302478.066 4123753.466
302477.94 4123753.239
302477.94 4123753.239
302477.801 4123752.99
302477.801 4123752.99
302477.755 4123752.908
302477.755 4123752.908
302477.03 4123751.595
302477.03 4123751.595
302476.766 4123751.118
302476.766 4123751.118
302476.546 4123750.722
302476.546 4123750.722
302476.483 4123750.608
302476.483 4123750.608
302476.218 4123750.131
302476.218 4123750.131
302475.493 4123748.818
302475.493 4123748.818
302475.221 4123748.327
302475.221 4123748.327
302475.211 4123748.308
302475.211 4123748.308
302474.723 4123747.428
302474.723 4123747.428
302473.998 4123746.115
302473.998 4123746.115
302473.92 4123745.976
302473.92 4123745.976
302473.496 4123745.211
302473.496 4123745.211
302473.445 4123745.119
302473.445 4123745.119
302473.282 4123744.824
302473.282 4123744.824
302472.553 4123743.513
302472.553 4123743.513
302472.237 4123742.944
302472.237 4123742.944
302471.872 4123742.286
302471.872 4123742.286
302471.737 4123742.042
302471.737 4123742.042
302471.008 4123740.731
302471.008 4123740.731
302470.536 4123739.879
302470.536 4123739.879
302470.409 4123739.65
302470.409 4123739.65
302469.68 4123738.339
302469.68 4123738.339
302469.375 4123737.79
302469.375 4123737.79
302469.308 4123737.669
302469.308 4123737.669
302469.009 4123737.129
302469.009 4123737.129
302468.835 4123736.815
302468.835 4123736.815
302468.106 4123735.504
302468.106 4123735.504
302467.975 4123735.268
302467.975 4123735.268
302467.609 4123734.608
302467.609 4123734.608
302467.472 4123734.362
302467.472 4123734.362
302467.386 4123734.206
302467.386 4123734.206
302466.657 4123732.896
302466.657 4123732.896
302466.398 4123732.429
302466.398 4123732.429
302466.254 4123732.169
302466.254 4123732.169
302465.94 4123731.605
302465.94 4123731.605
302465.919 4123731.568
302465.393 4123730.622
302465.372 4123730.584
302465.19 4123730.257
302465.039 4123729.986
302464.857 4123729.658
302464.857 4123729.658
302464.744 4123729.454
302464.744 4123729.454
302464.452 4123728.928
302464.452 4123728.928
302463.905 4123727.945
302463.738 4123727.645
302463.723 4123727.617
302463.635 4123727.46
302463.556 4123727.317
302463.453 4123727.132
302463.453 4123727.132
302463.137 4123726.563
302463.137 4123726.563
302463.078 4123726.456
302463.078 4123726.456
302462.525 4123725.463
302462.349 4123725.146
302462.315 4123725.086
302462.139 4123724.768
302462.0 4123724.517
302461.823 4123724.199
302461.823 4123724.199
302461.822 4123724.197
302461.822 4123724.197
302461.354 4123723.355
302461.264 4123723.193
302460.796 4123722.351
302460.795 4123722.35
302460.625 4123722.045
302460.624 4123722.044
302460.624 4123722.044
302460.361 4123721.57
302460.361 4123721.57
302460.097 4123721.095
302460.097 4123721.095
302459.543 4123720.096
302459.543 4123720.096
302459.103 4123719.304
302459.103 4123719.304
302458.534 4123718.279
302458.375 4123717.992
302458.026 4123717.363
302457.867 4123717.077
302457.867 4123717.077
302457.428 4123716.287
302457.428 4123716.287
302456.805 4123715.153
302456.805 4123715.153
302456.55 4123714.694
302456.55 4123714.694
302456.295 4123714.236
302456.295 4123714.236
302455.764 4123713.269
302455.573 4123712.921
302455.508 4123712.805
302455.316 4123712.458
302455.316 4123712.458
302455.116 4123712.098
302455.116 4123712.098
302454.737 4123711.413
302454.737 4123711.413
302454.155 4123710.349
302454.155 4123710.349
302453.96 4123709.997
302453.96 4123709.997
302453.588 4123709.325
302453.588 4123709.325
302453.012 4123708.272
302452.868 4123708.01
302452.676 4123707.663
302452.531 4123707.401
302452.531 4123707.401
302452.378 4123707.132
302452.378 4123707.132
302452.151 4123706.738
302452.151 4123706.737
302451.652 4123705.861
302451.652 4123705.861
302450.903 4123704.561
302450.903 4123704.561
302450.54 4123703.922
302450.54 4123703.922
302450.524 4123703.894
302450.524 4123703.894
302450.318 4123703.556
302450.318 4123703.556
302449.86 4123702.796
302449.86 4123702.796
302449.081 4123701.515
302449.081 4123701.515
302448.767 4123700.995
302448.767 4123700.995
302448.749 4123700.968
302448.749 4123700.968
302448.435 4123700.48
302448.435 4123700.48
302448.036 4123699.86
302448.036 4123699.86
302447.2 4123698.634
302447.2 4123698.634
302447.05 4123698.419
302447.05 4123698.419
302446.998 4123698.345
302446.998 4123698.345
302446.544 4123697.692
302446.544 4123697.692
302446.184 4123697.176
302445.9 4123696.771
302445.539 4123696.255
302445.487 4123696.182
302445.323 4123695.948
302445.271 4123695.876
302445.271 4123695.876
302444.946 4123695.425
302444.946 4123695.425
302444.591 4123694.957
302444.591 4123694.957
302444.48 4123694.804
302444.48 4123694.804
302442.528 4123692.527
302442.016 4123691.93
302440.011 4123689.72
302439.708 4123689.386
302437.741 4123687.424
302435.44 4123685.497
302434.476 4123684.689
302431.738 4123683.185
302429.0 4123681.984
302426.745 4123681.109
