302438.467 4123668.713
302439.292 4123670.782
302440.4 4123673.557
302441.688 4123676.265
302442.971 4123678.964
302443.237 4123679.508
302444.543 4123682.189
302445.849 4123684.869
302446.074 4123685.295
302447.472 4123687.929
302448.871 4123690.562
302449.867 4123692.425
302451.276 4123695.06
302451.388 4123695.261
302452.835 4123697.871
302454.282 4123700.48
302454.282 4123700.48
302454.687 4123701.149
302454.687 4123701.149
302454.702 4123701.177
302454.702 4123701.177
302455.082 4123701.825
302455.082 4123701.825
302455.712 4123702.908
302455.712 4123702.908
302456.21 4123703.762
302456.21 4123703.762
302456.621 4123704.538
302456.621 4123704.538
302457.125 4123705.424
302457.125 4123705.424
302457.852 4123706.736
302457.852 4123706.736
302458.235 4123707.397
302458.235 4123707.397
302458.446 4123707.763
302458.446 4123707.763
302458.477 4123707.82
302458.477 4123707.82
302458.932 4123708.642
302458.932 4123708.642
302459.307 4123709.325
302459.307 4123709.325
302459.494 4123709.677
302459.494 4123709.677
302459.757 4123710.141
302459.757 4123710.141
302460.391 4123711.281
302460.391 4123711.281
302460.651 4123711.731
302460.651 4123711.731
302460.902 4123712.204
302460.902 4123712.204
302461.365 4123713.03
302461.365 4123713.03
302461.806 4123713.809
302461.806 4123713.809
302462.455 4123714.951
302462.547 4123715.113
302462.967 4123715.864
302463.058 4123716.027
302463.058 4123716.027
302463.311 4123716.484
302463.751 4123717.275
302463.751 4123717.275
302463.958 4123717.687
302464.071 4123717.911
302464.071 4123717.911
302464.339 4123718.378
302464.339 4123718.378
302464.731 4123719.084
302464.731 4123719.084
302464.996 4123719.571
302464.996 4123719.571
302465.46 4123720.413
302465.46 4123720.413
302466.183 4123721.727
302466.183 4123721.727
302466.492 4123722.287
302466.492 4123722.287
302466.708 4123722.679
302466.708 4123722.679
302467.162 4123723.503
302467.162 4123723.503
302467.528 4123724.172
302467.528 4123724.172
302467.805 4123724.663
302468.078 4123725.155
302468.351 4123725.646
302468.533 4123725.974
302468.639 4123726.169
302468.819 4123726.499
302468.819 4123726.499
302468.931 4123726.706
302468.931 4123726.706
302469.286 4123727.344
302469.478 4123727.69
302469.833 4123728.327
302470.015 4123728.655
302470.015 4123728.655
302470.326 4123729.211
302470.326 4123729.211
302470.671 4123729.832
302470.671 4123729.832
302471.075 4123730.561
302471.075 4123730.561
302471.297 4123730.965
302471.297 4123730.965
302471.842 4123731.949
302472.023 4123732.277
302472.209 4123732.606
302472.393 4123732.932
302472.393 4123732.932
302472.698 4123733.483
302472.698 4123733.483
302473.425 4123734.795
302473.425 4123734.795
302473.722 4123735.334
302473.722 4123735.334
302474.097 4123736.006
302474.097 4123736.006
302474.824 4123737.318
302474.824 4123737.318
302475.421 4123738.403
302475.421 4123738.403
302476.147 4123739.715
302476.147 4123739.715
302476.646 4123740.615
302476.646 4123740.615
302476.963 4123741.18
302476.963 4123741.18
302477.69 4123742.492
302477.69 4123742.492
302478.281 4123743.554
302478.281 4123743.554
302478.29 4123743.568
302478.29 4123743.568
302478.849 4123744.589
302478.849 4123744.589
302479.576 4123745.901
302479.576 4123745.901
302479.867 4123746.412
302479.867 4123746.412
302480.118 4123746.891
302480.118 4123746.891
302480.845 4123748.203
302480.845 4123748.203
302481.139 4123748.716
302481.139 4123748.716
302481.453 4123749.27
302481.453 4123749.27
302482.18 4123750.582
302482.18 4123750.582
302482.431 4123751.064
302482.431 4123751.064
302482.953 4123751.975
302482.953 4123751.975
302483.68 4123753.287
302483.68 4123753.287
302484.132 4123754.126
302484.132 4123754.126
302484.386 4123754.579
302484.386 4123754.579
302485.113 4123755.891
302485.113 4123755.891
302485.344 4123756.312
302485.344 4123756.312
302485.811 4123757.14
302485.811 4123757.14
302486.538 4123758.452
302486.538 4123758.452
302486.999 4123759.294
302486.999 4123759.294
302487.305 4123759.863
302487.305 4123759.863
302488.032 4123761.175
302488.032 4123761.175
302488.493 4123761.979
302488.493 4123761.979
302488.66 4123762.297
302488.66 4123762.297
302488.822 4123762.582
302488.822 4123762.582
302489.548 4123763.894
302489.548 4123763.894
302489.837 4123764.413
302489.837 4123764.413
302490.252 4123765.16
302490.252 4123765.16
302490.979 4123766.472
302490.979 4123766.472
302491.149 4123766.767
302491.149 4123766.767
302491.559 4123767.528
302491.559 4123767.528
302492.26 4123768.795
302492.26 4123768.795
302492.529 4123769.26
302492.529 4123769.26
302492.714 4123769.589
302492.714 4123769.589
302492.967 4123770.056
302492.967 4123770.056
302493.56 4123771.141
302493.56 4123771.141
302493.851 4123771.66
302493.851 4123771.66
302493.966 4123771.871
302493.966 4123771.871
302494.237 4123772.381
302494.237 4123772.381
302494.782 4123773.333
302494.782 4123773.333
302495.065 4123773.832
302495.065 4123773.832
302495.287 4123774.213
302495.287 4123774.213
302495.895 4123775.275
302495.895 4123775.275
302496.212 4123775.843
302496.212 4123775.843
302496.42 4123776.232
302496.42 4123776.232
302496.864 4123776.934
302496.864 4123776.934
302497.189 4123777.503
302497.189 4123777.503
302497.509 4123778.084
302497.742 4123778.507
302497.817 4123778.644
302497.947 4123778.872
302497.95169186126 4123778.8796829
302498.3049215009 4123779.6106225476
302498.72069182177 4123780.491114196
302499.1496918218 4123781.3681141958
302499.59769182175 4123782.326114196
302499.99269182177 4123783.1801141957
302500.35469182173 4123784.0291141956
302500.70069182175 4123785.0351141957
302500.98469182174 4123785.8821141957
302501.29469182173 4123786.8671141956
302501.50569182175 4123787.7621141956
302501.62069182174 4123788.749114196
302501.6486918217 4123789.6111141955
302501.54369182175 4123790.6481141956
302501.27869182173 4123791.6661141957
302500.97769182175 4123792.601114196
302500.57969182177 4123793.3731141957
302499.5896918218 4123794.6171141956
302498.55569182173 4123795.6251141955
302497.8496918217 4123796.1801141957
302497.47245368786 4123796.499507763
302497.1262119973 4123796.7995838947
302496.81333213614 4123797.0300510195
302496.57961899496 4123797.1750397272
302496.3212000667 4123797.304519694
302496.309 4123797.313
302496.069 4123797.449
302495.847 4123797.574
302494.466 4123798.354
302494.341 4123798.425
302493.825 4123798.713
302493.211 4123799.056
302492.165 4123799.639
302492.165 4123799.639
302491.911 4123799.778
302491.911 4123799.778
302490.596 4123800.499
302490.596 4123800.499
302489.283 4123801.224
302489.283 4123801.224
302488.625 4123801.585
302487.967 4123801.945
302487.31 4123802.308
302486.654 4123802.671
302486.654 4123802.671
302485.997 4123803.031
302485.339 4123803.391
302484.681 4123803.755
302484.026 4123804.117
302484.026 4123804.117
302483.318 4123804.502
302483.318 4123804.502
302482.005 4123805.228
302482.005 4123805.228
302480.688 4123805.945
302480.688 4123805.945
302479.375 4123806.671
302479.375 4123806.671
302478.058 4123807.388
302478.058 4123807.388
302477.479 4123807.709
302477.479 4123807.709
302476.82 4123808.074
302476.167 4123808.437
302475.509 4123808.796
302474.85 4123809.155
302474.85 4123809.155
302474.775 4123809.197
302474.775 4123809.197
302473.991 4123809.659
302473.991 4123809.659
302473.222 4123810.113
302473.222 4123810.113
302472.89 4123810.315
302472.89 4123810.315
302472.323 4123810.675
302472.323 4123810.675
302471.88 4123810.958
302471.88 4123810.958
302471.46 4123811.271
302471.46 4123811.271
302470.936 4123811.668
302470.936 4123811.668
302470.542 4123811.984
302470.542 4123811.984
302470.143 4123812.332
302470.143 4123812.332
302469.701 4123812.762
302469.701 4123812.762
302469.309 4123813.174
302469.309 4123813.174
302468.765 4123813.764
302468.765 4123813.764
302468.459 4123814.119
302468.459 4123814.119
302468.028 4123814.663
302468.028 4123814.663
302467.805 4123814.991
302467.805 4123814.991
302467.48 4123815.491
302467.48 4123815.491
302467.231 4123815.888
302467.231 4123815.888
302467.002 4123816.353
302467.002 4123816.353
302466.778 4123816.78
302466.778 4123816.78
302466.551 4123817.299
302466.551 4123817.299
302466.354 4123817.806
302466.354 4123817.806
302466.17 4123818.414
302466.17 4123818.414
302466.027 4123818.989
302466.027 4123818.989
302465.893 4123819.672
302465.893 4123819.672
302465.83 4123820.249
302465.83 4123820.249
302465.786 4123821.015
302465.786 4123821.015
302465.778 4123821.504
302465.778 4123821.504
302465.769 4123822.001
302465.769 4123822.001
302465.792 4123822.538
302465.792 4123822.538
302465.833 4123822.967
302465.833 4123822.967
302465.882 4123823.342
302465.882 4123823.342
302465.961 4123823.938
302465.961 4123823.938
302466.105 4123824.512
302466.105 4123824.512
302466.261 4123825.204
302466.261 4123825.204
302466.484 4123825.86
302466.484 4123825.86
302466.734 4123826.653
302466.734 4123826.653
302466.931 4123827.163
302466.931 4123827.163
302467.123 4123827.645
302467.123 4123827.645
302467.357 4123828.169
302467.357 4123828.169
302467.556 4123828.634
302467.556 4123828.634
302467.767 4123829.051
302467.767 4123829.051
302468.117 4123829.775
302468.117 4123829.775
302468.365 4123830.267
302468.365 4123830.267
302468.905 4123831.293
302468.905 4123831.293
302469.148 4123831.774
302469.148 4123831.774
302469.243 4123831.949
302469.243 4123831.949
302469.603 4123832.607
302469.964 4123833.265
302470.328 4123833.923
302470.69 4123834.577
302470.69 4123834.577
302471.051 4123835.235
302471.411 4123835.893
302471.775 4123836.551
302472.137 4123837.205
302472.137 4123837.205
302472.498 4123837.863
302472.858 4123838.521
302473.222 4123839.179
302473.585 4123839.833
302473.585 4123839.833
302473.897 4123840.395
302473.897 4123840.395
302474.624 4123841.707
302474.624 4123841.707
302474.988 4123842.363
302475.352 4123843.018
302475.352 4123843.018
302475.985 4123844.168
302476.512 4123845.133
302476.804 4123845.669
302476.835186589 4123845.752748914
302477.4043213678 4123846.756849814
302477.88905973476 4123847.691702379
302478.61616728484 4123849.059357057
302479.34327483515 4123850.418355692
302480.3300636533 4123851.985099342
302481.0268750557 4123852.922115918
302481.92277543 4123853.707651753
302482.6671950648 4123854.097173655
302483.61070367164 4123854.4174472187
302484.67106884904 4123854.6446683286
302485.60592141363 4123854.748540836
302486.49749376683 4123854.6966045825
302487.50159466953 4123854.592732075
302488.25034232537 4123854.428267272
302489.08997842524 4123854.2183582466
302489.79977389093 4123853.9759890633
302490.575795324 4123853.645964874
302491.3751735831 4123853.2661935976
302492.27540197864 4123852.8507035687
302492.9072930637 4123852.4893138036
302493.59761243436 4123852.104119924
302493.6175893507 4123852.090373387
302494.327 4123851.707
302494.72 4123851.485
302496.032 4123850.759
302497.212 4123850.111
302498.265 4123849.517
302499.577 4123848.79
302500.527 4123848.255
302500.884 4123848.054
302501.837 4123847.526
302502.197 4123847.327
302503.3 4123846.724
302504.612 4123845.997
302505.345 4123845.591
302506.658 4123844.864
302507.684 4123844.296
302507.778 4123844.242
302509.09 4123843.515
302509.369 4123843.367
302509.4408346106 4123843.330458615
302510.1502452599 4123842.947085228
302510.5432452599 4123842.7250852278
302511.85524525994 4123841.999085228
302513.03524525993 4123841.351085228
302514.08824525995 4123840.757085228
302515.4002452599 4123840.030085228
302516.35024525994 4123839.495085228
302516.70724525995 4123839.294085228
302517.66024525993 4123838.766085228
302518.0202452599 4123838.567085228
302519.1232452599 4123837.964085228
302520.43524525996 4123837.237085228
302521.1682452599 4123836.831085228
302522.4812452599 4123836.104085228
302523.50724525994 4123835.536085228
302523.6012452599 4123835.482085228
302524.91324525996 4123834.755085228
302525.19224525994 4123834.607085228
302525.19483433815 4123834.6056119264
302525.9029607467 4123834.219871583
302526.2952171808 4123833.9965603873
302527.6047853699 4123833.2661829796
302528.78261477797 4123832.614245954
302529.8336252285 4123832.0167327467
302531.14319007803 4123831.2853553444
302532.09139813494 4123830.747185779
302532.44772489974 4123830.5449946895
302533.3989563166 4123830.013815067
302533.7582897437 4123829.8136139475
302534.85926985973 4123829.206933814
302536.16883470933 4123828.4755564113
302536.9004747748 4123828.067110804
302538.2110396188 4123827.3357300623
302539.23513704765 4123826.7643068773
302539.32895618916 4123826.709993263
302540.6385210387 4123825.9786158605
302540.91689022176 4123825.819827851
302541.05809191044 4123825.7358371913
302541.239463045 4123825.625066901
302541.3847222536 4123825.5358014647
302541.43064185797 4123825.5092393747
302542.871 4123824.715
302544.19 4123823.999
302545.302 4123823.379
302545.357 4123823.349
302546.377 4123822.788
302546.672 4123822.626
302547.69 4123822.063
302547.984 4123821.9
302549.036 4123821.322
302549.299 4123821.178
302550.349 4123820.597
302550.611 4123820.451
302550.707 4123820.399
302552.019 4123819.672
302553.33 4123818.944
302554.208 4123818.458
302555.336 4123817.831
302556.083 4123817.422
302556.1009407779 4123817.41102384
302556.5501082186 4123817.162703629
302557.0540521765 4123816.8778657396
302557.6785044721 4123816.523644262
302558.34312621364 4123816.1256015706
302558.93540050316 4123815.7548570987
302559.59364543937 4123815.32951635
302559.9834546669 4123815.08302186
302560.4362738754 4123814.794532203
302561.15661682904 4123814.4045403884
302561.9235019606 4123813.977349321
302561.97067950346 4123813.952334742
302562.7237315529 4123813.572811566
302562.80933559884 4123813.533520798
302563.50196951116 4123813.245752337
302563.6037183379 4123813.2084108926
302564.42802043207 4123812.9446370555
302564.46350099065 4123812.9338433
302565.20004408236 4123812.721296841
302565.3422116147 4123812.6888521835
302566.337492191 4123812.5202559344
302566.3947725313 4123812.5118707954
302567.2811191857 4123812.4023799575
302567.49843758764 4123812.3940121345
302568.438050924 4123812.4372046534
302568.5669190252 4123812.4496341813
302569.6397598832 4123812.607799397
302569.78634493233 4123812.638193078
302570.74859213986 4123812.8967737393
302570.9366485913 4123812.9632836925
302571.7047023607 4123813.303843984
302571.9676728728 4123813.46013731
302572.9125028213 4123814.18608524
302573.10967953067 4123814.373827384
302573.865634503 4123815.2638151776
302573.9272116756 4123815.3422671626
302575.01326516323 4123816.8419090062
302575.0641496964 4123816.9176776954
302575.87762949255 4123818.2268046187
302575.8794200776 4123818.2296946845
302576.69345971156 4123819.5474595283
302576.70037545 4123819.55878461
302577.2321295501 4123820.439733239
302577.85182256496 4123821.3848047955
302577.91091505194 4123821.487184314
302578.629 4123822.777
302578.995 4123823.432
302579.361 4123824.086
302580.091 4123825.397
302580.823 4123826.706
302581.552 4123828.017
302581.926 4123828.685
302582.29 4123829.34
302582.655 4123829.996
302583.021 4123830.65
302583.387 4123831.305
302583.439 4123831.398
302583.801 4123832.052
302584.164 4123832.711
302584.531 4123833.365
302584.897 4123834.02
302585.214 4123834.595
302585.622 4123835.333
302585.944 4123835.907
302586.265 4123836.482
302586.712 4123837.277
302587.437 4123838.589
302587.745 4123839.164
302587.998 4123839.678
302588.403 4123840.463
302588.646 4123840.986
302588.954 4123841.6
302589.154 4123842.09
302589.384 4123842.648
302589.717 4123843.508
302589.945 4123844.215
302590.188 4123844.949
302590.346 4123845.616
302590.506 4123846.301
302590.613 4123846.987
302590.679 4123847.582
302590.756 4123848.263
302590.814 4123849.074
302590.822 4123849.55
302590.817 4123850.024
302590.809 4123850.769
302590.794 4123851.152
302590.744 4123851.621
302590.663 4123852.355
302590.564 4123852.889
302590.422 4123853.421
302590.262 4123854.172
302590.063 4123854.765
302589.839 4123855.384
302589.601 4123855.957
302589.401 4123856.399
302589.136 4123856.903
302588.841 4123857.4
302588.57 4123857.845
302588.329 4123858.228
302588.017 4123858.668
302587.684 4123859.111
302587.334 4123859.515
302586.99 4123859.955
302586.621 4123860.353
302586.238 4123860.777
302585.868 4123861.132
302585.527 4123861.473
302585.149 4123861.811
302584.79 4123862.114
302584.409 4123862.418
302584.035 4123862.69
302583.647 4123862.968
302583.319 4123863.213
302582.759 4123863.601
302582.379 4123863.85
302581.951 4123864.116
302581.346 4123864.483
302580.511 4123864.96
302579.788 4123865.381
302579.755 4123865.399
302578.441 4123866.122
302577.132 4123866.855
302577.007 4123866.924
302575.698 4123867.657
302574.382 4123868.376
302574.344 4123868.397
302573.036 4123869.13
302571.726 4123869.861
302571.295 4123870.101
302569.987 4123870.834
302569.33 4123871.196
302568.673 4123871.558
302567.364 4123872.291
302566.707 4123872.652
302566.607 4123872.707
302566.05 4123873.014
302565.844 4123873.126
302565.83449964126 4123873.127871209
302565.03019778075 4123873.5432597944
302564.15377350623 4123873.974168396
302563.0144219493 4123874.5657547815
302562.1745153529 4123874.9893598477
302561.5610183607 4123875.288804809
302560.9767355109 4123875.60285684
302560.39975619677 4123875.9242124073
302559.62558142096 4123876.4208528297
302558.86601371627 4123877.0635639643
302558.29268617 4123877.5930702966
302557.8909917109 4123878.013023595
302557.4856454838 4123878.5553111145
302557.2373252728 4123878.8894478693
302556.9890050617 4123879.2509728824
302556.7589436895 4123879.6234531985
302556.56174822774 4123879.995933515
302556.382811605 4123880.434145652
302556.2075267502 4123880.919830772
302556.13449139404 4123881.3872570517
302556.11988432275 4123881.986146973
302556.1344913941 4123882.599643966
302556.28421387426 4123883.260613938
302556.5325340854 4123884.093216999
302556.9999603652 4123884.9258200596
302557.6864927136 4123886.211242329
302558.40223920444 4123887.379808028
302559.2238869622 4123888.8377763303
302559.24214751075 4123888.8882528753
302560.644 4123891.411
302562.047 4123893.935
302563.241 4123896.129
302564.436 4123898.324
302565.513 4123900.255
302566.589 4123902.186
302567.49 4123903.81
302568.391 4123905.435
302569.109 4123906.796
302569.827 4123908.157
302569.827 4123908.157
302570.609 4123909.64
302571.391 4123911.123
302572.616 4123913.52
302573.974 4123916.189
302575.325 4123918.853
302575.798 4123919.785
302577.106 4123922.479
302577.757 4123923.835
302578.408 4123925.192
302578.876 4123926.173
302579.526 4123927.548
302580.176 4123928.923
302580.808 4123930.289
302581.439 4123931.655
302582.372 4123933.683
302583.569 4123936.403
302584.168 4123937.825
302584.767 4123939.247
302585.906 4123941.988
302586.454 4123943.403
302587.001 4123944.817
302588.086 4123947.595
302588.655 4123949.048
302589.167 4123950.48
302589.679 4123951.913
302590.166 4123953.35
302590.654 4123954.787
302590.849 4123955.364
302591.312 4123956.81
302591.775 4123958.256
302591.921 4123958.736
302592.757 4123961.606
302593.325 4123963.553
302593.728 4123965.013
302594.132 4123966.472
302594.21 4123966.759
302594.533 4123968.307
302594.856 4123969.855
302595.01 4123970.683
302595.452 4123973.592
302595.638 4123975.135
302595.824 4123976.678
302596.054 4123979.205
302596.263 4123982.182
302596.289 4123982.555
302596.368 4123984.07
302596.447 4123985.585
302596.54 4123987.453
302596.636 4123989.653
302596.6363422759 4123989.7016597353
302596.70445593307 4123992.689726925
302596.7179188488 4123993.2457401888
302596.80902476737 4123996.2418295923
302596.90013068606 4123999.2379189953
302596.9437174552 4124000.700961781
302597.04582240275 4124003.69806181
302597.1469273508 4124006.695160872
302597.198431043 4124008.2442113454
302597.21596632095 4124011.18021446
302597.2488322313 4124012.483895568
302597.3293548224 4124013.4993402655
302597.3337358332 4124013.562992957
302597.601 4124016.073
302597.791 4124017.573
302597.981 4124019.073
302598.121 4124020.211
302598.478 4124023.179
302598.724 4124025.232
302599.089 4124028.189
302599.453 4124031.149
302599.506 4124031.574
302599.862 4124034.53
302600.222 4124037.493
302600.331 4124038.39
302600.475 4124040.315
302600.506 4124041.87
302600.537 4124043.426
302600.542 4124043.83
302600.539 4124045.383
302600.537 4124046.936
302600.537 4124046.936
302600.544 4124049.931
302600.55 4124052.926
302600.557 4124055.921
302600.561 4124057.7
302600.561 4124057.7
302600.564 4124059.205
302600.567 4124060.709
302600.57 4124062.388
302600.564 4124065.381
302600.563 4124066.188
302600.34918310255 4124067.7753119906
302599.9328815721 4124069.2871438647
302599.3412951868 4124070.5141378487
302598.48678151914 4124071.894506081
302598.026658775 4124072.4422712526
302597.6213125482 4124072.9681258188
302597.3364746589 4124073.559712204
302597.09545798344 4124074.24989632
302596.94208373537 4124075.148231202
302596.94208373537 4124076.145163814
302596.94208373537 4124077.996610094
302596.9407143225 4124078.128073735
302596.946 4124079.632
302596.939 4124081.133
302596.938 4124081.263
302596.922 4124084.247
302596.906 4124087.231
302596.889 4124090.215
302596.873 4124093.199
302596.863 4124094.975
302596.90625308524 4124094.866948737
302596.99735900393 4124097.86303814
302597.0409457731 4124099.3260809258
302597.1430507206 4124102.3231809544
302597.24415566865 4124105.3202800164
302597.2956593609 4124106.86933049
302597.29449113464 4124106.9093003967
302597.2866073053 4124109.1574699464
302597.28160952573 4124112.1491407873
302597.28060965694 4124112.796055918
302597.2805570399 4124112.806086967
302597.2615570399 4124114.9300869666
302597.26148422284 4124114.9365203697
302597.2334842228 4124116.9815203696
302597.2170745942 4124117.174058869
302596.8910745942 4124119.242058869
302596.87269663095 4124119.33664853
302596.351696631 4124121.58764853
302596.3128121474 4124121.7231469452
302595.63581214735 4124123.6901469454
302595.54708065995 4124123.8925857325
302594.74708065996 4124125.3755857325
302594.64217316883 4124125.540404907
302593.04417316883 4124127.6914049066
302592.92184982536 4124127.834194955
302591.49384982535 4124129.284194955
302591.34111929015 4124129.417654906
302589.84311929013 4124130.540654906
302589.5411186482 4124130.7115505943
302588.1901186482 4124131.261550594
302588.0448734939 4124131.3112944774
302586.7998734939 4124131.6602944774
302586.5512829907 4124131.705525008
302584.86986097903 4124131.851588682
302583.61084887205 4124131.8597288313
302582.2195253362 4124131.903550045
302580.69673815917 4124131.8925947417
302579.1629956787 4124131.870684135
302578.0113194055 4124131.8638370703
302577.996 4124131.864
302576.368 4124131.823
302574.741 4124131.782
302574.741 4124131.782
302573.241 4124131.786
302573.241 4124131.786
302572.20911682554 4124131.655686311
302571.35460315784 4124131.392759029
302570.45626827644 4124131.020278712
302569.7551288568 4124130.5601559677
302568.9444364028 4124129.990480189
302568.111833342 4124129.3550725905
302567.25731967436 4124128.873039239
302566.46853782726 4124128.4786483156
302565.6578453733 4124128.1718998197
302564.56779268186 4124128.0185255716
302564.663 4124128.017
302564.663 4124128.017
302563.163 4124128.006
302563.163 4124128.006
302562.142 4124127.998
302562.142 4124127.998
302560.411 4124127.991
302560.411 4124127.991
302558.911 4124127.992
302558.911 4124127.992
302557.181 4124127.984
302556.993 4124127.984
302556.192 4124127.985
302556.003 4124127.986
302554.724 4124127.994
302554.535 4124127.993
302553.233 4124127.988
302553.233 4124127.988
302551.697 4124127.97
302551.1 4124127.967
302549.654 4124127.96
302549.459 4124127.959
302549.43304099084 4124127.958271404
302548.37585420965 4124127.9637490558
302547.51312406454 4124127.9856596636
302546.35186190077 4124128.0075702704
302545.3220633782 4124128.0075702704
302544.36895197956 4124128.040436181
302543.6459019531 4124128.051391484
302542.8132988923 4124128.062346787
302541.74177927396 4124128.0880416716
302541.33433292905 4124128.0952126975
302540.45790865447 4124128.0842573945
302539.6691268074 4124128.073302091
302538.89617064944 4124128.009214673
302538.33429766353 4124127.893388305
302538.08779049746 4124127.8257912775
302537.39641029143 4124127.587441931
302537.24908996734 4124127.5300011733
302536.4129320058 4124127.165028759
302536.30222182104 4124127.112586065
302535.71326831647 4124126.8110404313
302535.5738276363 4124126.7324037775
302535.12453138386 4124126.45460371
302534.87429766357 4124126.2714422806
302534.27145499305 4124125.753339284
302534.2405527984 4124125.7262202133
302533.7897608923 4124125.3222862375
302533.6638464851 4124125.1989682266
302533.4038220813 4124124.920669923
302532.95322462206 4124124.4791387613
302532.7856854602 4124124.292864
302532.4412176905 4124123.857558411
302532.4308629824 4124123.8443590226
302532.00346021156 4124123.2947783894
302531.8357087482 4124123.0411908533
302531.56425530836 4124122.5534552387
302531.5323615639 4124122.493781792
302531.26717124425 4124121.9766221507
302531.2176898015 4124121.8728380236
302530.9016279093 4124121.1573501616
302530.79818771326 4124120.8623456005
302530.61979826004 4124120.187751498
302530.54062022263 4124119.862302168
302530.4562034891 4124119.489227894
302530.4091565815 4124118.969444939
302530.3735518455 4124117.6493308754
302530.4173730592 4124116.422336891
302530.42832836264 4124114.8009519824
302530.4611942729 4124112.9823716125
302530.50501548656 4124111.56913747
302530.503 4124111.518
302530.499 4124111.159
302530.499 4124111.159
302530.502 4124110.626
302530.502 4124110.626
302530.507 4124109.701
302530.507 4124109.701
302530.512 4124108.201
302530.512 4124108.201
302530.514 4124107.849
302530.514 4124107.849
302530.522 4124106.375
302530.522 4124106.375
302530.527 4124104.875
302530.527 4124104.875
302530.536 4124103.424
302530.536 4124103.424
302530.54 4124101.924
302530.54 4124101.924
302530.544 4124101.196
302530.544 4124101.196
302530.549 4124100.514
302530.549 4124100.514
302530.555 4124099.501
302530.555 4124099.501
302530.564 4124098.001
302530.564 4124098.001
302530.568 4124097.405
302530.568 4124097.405
302530.572 4124096.612
302530.572 4124096.612
302530.582 4124095.112
302530.582 4124095.112
302530.583 4124094.857
302530.583 4124094.857
302530.59 4124093.75
302530.59 4124093.75
302530.599 4124092.25
302530.599 4124092.25
302530.605 4124091.155
302530.605 4124091.155
302530.607 4124090.797
302530.607 4124090.797
302530.612 4124089.955
302530.612 4124089.955
302530.62 4124088.455
302530.62 4124088.455
302530.623 4124087.875
302530.623 4124087.875
302530.625 4124087.412
302530.625 4124087.412
302530.629 4124086.56
302530.629 4124086.56
302530.637 4124085.06
302530.637 4124085.06
302530.64 4124084.495
302530.64 4124084.495
302530.642 4124083.931
302530.642 4124083.931
302530.651 4124082.431
302530.651 4124082.431
302530.655 4124081.486
302530.655 4124081.486
302530.658 4124080.945
302530.658 4124080.945
302530.66 4124080.411
302530.66 4124080.411
302530.664 4124079.461
302530.664 4124079.461
302530.672 4124077.961
302530.672 4124077.961
302530.676 4124077.133
302530.676 4124077.133
302530.677 4124076.816
302530.677 4124076.816
302530.684 4124075.316
302530.684 4124075.316
302530.685 4124075.262
302530.685 4124075.262
302530.688 4124074.401
302530.688 4124074.401
302530.695 4124072.901
302530.695 4124072.901
302530.7 4124071.815
302530.7 4124071.815
302530.701 4124071.332
302530.701 4124071.332
302530.705 4124070.422
302530.705 4124070.422
302530.708 4124069.369
302530.708 4124069.369
302530.713 4124067.869
302530.713 4124067.869
302530.715 4124067.332
302530.715 4124067.332
302530.72 4124065.832
302530.72 4124065.832
302530.724 4124064.711
302530.724 4124064.711
302530.726 4124064.174
302530.726 4124064.174
302530.727 4124063.953
302530.727 4124063.953
302530.731 4124062.659
302530.732 4124062.453
302530.738 4124062.0
302530.74 4124061.793
302530.749 4124061.073
302530.752 4124060.866
302530.715 4124058.833
302530.699 4124057.978
302530.698 4124057.907
302530.698 4124057.0
302530.698 4124055.789
302530.708 4124054.962
302530.716 4124054.299
302530.722 4124053.795
302530.725 4124053.536
302530.729 4124053.211
302530.756 4124052.12
302530.767 4124051.694
302530.778 4124051.251
302530.79 4124050.787
302530.807 4124050.18
302530.824 4124049.592
302530.833 4124049.258
302530.851 4124048.608
302530.861 4124048.178
302530.87 4124047.797
302530.882 4124047.288
302530.886 4124047.234
302530.971 4124046.056
302530.987 4124045.85
302531.017 4124045.479
302531.041 4124045.179
302531.074 4124044.769
302531.127 4124044.104
302531.151 4124043.807
302531.153 4124043.779
302531.196 4124043.162
302531.238 4124042.562
302531.238 4124042.562
302531.238 4124042.56
302531.273 4124042.058
302531.311 4124041.519
302531.37 4124040.674
302531.408 4124040.13
302531.408 4124040.13
302531.408 4124039.513
302531.408 4124039.513
302531.413 4124038.625
302531.413 4124038.625
302531.413 4124037.125
302531.413 4124037.125
302531.419 4124036.0
302531.421 4124035.625
302531.421 4124035.625
302531.424 4124034.836
302531.424 4124034.836
302531.429 4124034.298
302531.429 4124034.298
302531.434 4124032.798
302531.434 4124032.798
302531.449 4124031.298
302531.449 4124031.298
302531.454 4124029.798
302531.454 4124029.798
302531.468 4124028.298
302531.468 4124028.298
302531.477 4124027.407
302531.477 4124027.407
302531.483 4124025.907
302531.483 4124025.907
302531.494 4124024.782
302531.498 4124024.407
302531.516 4124023.584
302531.524 4124023.208
302531.524 4124023.208
302531.547 4124022.092
302531.547 4124022.092
302531.566 4124021.095
302531.566 4124021.095
302531.599 4124020.317
302531.599 4124020.316
302531.657 4124019.249
302531.657 4124019.249
302531.729 4124018.563
302531.729 4124018.563
302531.831 4124017.61
302531.831 4124017.61
302531.919 4124017.009
302531.919 4124017.009
302532.051 4124016.262
302532.051 4124016.262
302532.181 4124015.681
302532.181 4124015.681
302532.378 4124014.98
302532.378 4124014.98
302532.554 4124014.452
302532.554 4124014.452
302532.807 4124013.793
302532.807 4124013.793
302532.985 4124013.387
302532.985 4124013.387
302533.323 4124012.683
302533.323 4124012.683
302533.522 4124012.286
302533.522 4124012.286
302533.731 4124011.907
302533.731 4124011.907
302533.963 4124011.459
302533.963 4124011.459
302534.29 4124010.94
302534.29 4124010.94
302534.656 4124010.361
302534.656 4124010.361
302535.035 4124009.89
302535.035 4124009.89
302535.302 4124009.533
302535.302 4124009.533
302535.672 4124009.107
302535.672 4124009.107
302536.157 4124008.556
302536.157 4124008.556
302536.53 4124008.19
302536.53 4124008.19
302537.059 4124007.692
302537.059 4124007.692
302537.549 4124007.305
302537.549 4124007.305
302538.067 4124006.881
302538.067 4124006.881
302538.551 4124006.55
302538.551 4124006.55
302539.15 4124006.173
302539.15 4124006.173
302539.667 4124005.871
302539.667 4124005.871
302540.215 4124005.587
302540.215 4124005.587
302540.914 4124005.233
302540.914 4124005.233
302541.368 4124005.049
302541.368 4124005.049
302542.314 4124004.713
302542.314 4124004.713
302542.753 4124004.56
302542.753 4124004.56
302543.132 4124004.444
302543.132 4124004.444
302544.078 4124004.192
302544.078 4124004.192
302545.182 4124003.961
302545.182 4124003.961
302546.202 4124003.789
302546.202 4124003.789
302546.747 4124003.709
302546.747 4124003.709
302547.685 4124003.609
302547.685 4124003.609
302548.222 4124003.551
302548.222 4124003.551
302548.672 4124003.521
302548.672 4124003.521
302550.052 4124003.447
302550.052 4124003.447
302550.494 4124003.427
302550.494 4124003.427
302550.927 4124003.415
302550.927 4124003.415
302551.613 4124003.412
302551.613 4124003.412
302552.591 4124003.41
302552.591 4124003.41
302553.263 4124003.413
302553.263 4124003.413
302553.291 4124003.413
302553.291 4124003.413
302554.79 4124003.411
302554.791 4124003.411
302556.29 4124003.412
302556.291 4124003.412
302556.741 4124003.416
302556.742 4124003.416
302558.241 4124003.429
302558.241 4124003.429
302559.741 4124003.43
302559.741 4124003.43
302561.179 4124003.433
302561.179 4124003.433
302562.679 4124003.434
302562.679 4124003.434
302564.179 4124003.438
302564.179 4124003.438
302565.679 4124003.439
302565.679 4124003.439
302567.179 4124003.442
302567.179 4124003.442
302568.679 4124003.443
302568.679 4124003.443
302568.848 4124003.444
302568.848 4124003.444
302570.348 4124003.445
302570.348 4124003.445
302571.848 4124003.453
302571.848 4124003.453
302573.348 4124003.454
302573.348 4124003.454
302574.848 4124003.462
302574.848 4124003.462
302576.622 4124003.486
302576.6624476712 4124003.4841138134
302577.2485564048 4124003.47315851
302577.82918748667 4124003.4457702516
302578.3868038525 4124003.4174909764
302579.2108038525 4124003.362490976
302579.7218038525 4124003.3274909765
302581.0938038525 4124003.1654909765
302582.21680385247 4124003.0034909765
302583.5778038525 4124002.5784909762
302584.4058038525 4124002.2834909763
302585.0128038525 4124001.9774909765
302585.62980385247 4124001.5814909763
302586.2128038525 4124001.109490976
302586.7998038525 4124000.396490976
302587.3648038525 4123999.6694909763
302587.8188038525 4123998.8204909763
302588.22280385246 4123998.0444909763
302588.6448038525 4123996.8754909765
302588.9188038525 4123995.8344909763
302589.0938038525 4123995.0114909764
302589.1168038525 4123994.379490976
302589.13580385246 4123992.356490976
302589.1218038525 4123991.7694909764
302589.11041119555 4123991.093665632
302589.10493354383 4123990.534945157
302589.09397824045 4123989.829697498
302589.094 4123989.818
302588.98 4123986.821
302588.923 4123985.339
302588.759 4123982.361
302588.742 4123982.043
302588.466 4123979.064
302588.204 4123976.225
302587.997 4123974.739
302587.791 4123973.252
302587.628 4123972.075
302586.994 4123969.151
302586.457 4123966.675
302585.625 4123963.804
302585.026 4123961.736
302584.567 4123960.307
302584.109 4123958.878
302583.84 4123958.041
302583.353 4123956.621
302582.866 4123955.201
302582.503 4123954.145
302581.48 4123951.326
302581.0 4123950.004
302579.881 4123947.232
302578.763 4123944.46
302577.644 4123941.688
302577.071 4123940.268
302575.86 4123937.535
302574.65 4123934.803
302573.439 4123932.07
302572.937 4123930.937
302571.641 4123928.241
302570.346 4123925.545
302569.818 4123924.448
302569.141 4123923.109
302568.463 4123921.771
302567.786 4123920.432
302567.108 4123919.094
302566.189 4123917.279
302565.498 4123915.948
302564.806 4123914.617
302564.115 4123913.286
302563.423 4123911.954
302562.478 4123910.137
302561.038 4123907.505
302559.598 4123904.874
302558.226 4123902.368
302557.497 4123901.057
302556.767 4123899.745
302556.037 4123898.434
302555.308 4123897.122
302554.13 4123895.006
302554.11643320834 4123894.985527452
302553.782296454 4123894.476105845
302553.07020173105 4123893.358664894
302552.4786153457 4123892.372687585
302551.7555653192 4123891.090917084
302551.2297107545 4123890.0939844716
302550.66692126676 4123888.903112084
302550.08792126674 4123887.4641120844
302549.5089212667 4123886.0261120843
302548.38692126673 4123883.2481120843
302547.2639212667 4123880.4701120844
302546.14192126674 4123877.6921120845
302546.0559212667 4123877.4791120845
302544.97092126677 4123874.903112084
302544.7519212667 4123874.380112084
302544.5129212667 4123873.8051120844
302544.0559212667 4123872.7121120845
302543.599341914 4123871.620604059
302543.1227862148 4123870.6154549685
302542.68457407755 4123869.815717818
302542.36139262625 4123869.2487808657
302542.35 4123869.238
302541.686 4123868.024
302541.686 4123868.024
302540.957 4123866.712
302540.957 4123866.712
302540.226 4123865.403
302540.226 4123865.403
302540.156 4123865.277
302539.428 4123863.966
302539.428 4123863.966
302538.697 4123862.657
302538.697 4123862.657
302538.684 4123862.633
302538.684 4123862.633
302537.955 4123861.322
302537.955 4123861.322
302537.311 4123860.164
302537.311 4123860.164
302536.874 4123859.378
302536.874 4123859.378
302536.145 4123858.067
302536.145 4123858.067
302535.616 4123857.114
302535.616 4123857.114
302535.178 4123856.326
302535.178 4123856.326
302534.449 4123855.015
302534.449 4123855.015
302533.921 4123854.064
302533.921 4123854.064
302533.686 4123853.621
302533.7449976666 4123853.7828375637
302533.7449976666 4123853.7828375637
302533.4509976666 4123853.269837564
302533.4509976666 4123853.269837564
302532.7239976666 4123851.9578375635
302532.7239976666 4123851.9578375635
302532.4729976666 4123851.4788375637
302532.4729976666 4123851.4788375637
302532.1819976666 4123850.9678375637
302532.1819976666 4123850.9678375637
302531.4549976666 4123849.655837564
302531.4549976666 4123849.655837564
302530.8959976666 4123848.6348375636
302530.8959976666 4123848.6348375636
302530.8869976666 4123848.6208375636
302530.8869976666 4123848.6208375636
302530.2959976666 4123847.5588375637
302530.2959976666 4123847.5588375637
302529.5689976666 4123846.246837564
302529.5689976666 4123846.246837564
302529.2519976666 4123845.681837564
302529.2519976666 4123845.681837564
302528.7529976666 4123844.7818375635
302528.7529976666 4123844.7818375635
302528.0269976666 4123843.4698375636
302528.0269976666 4123843.4698375636
302527.4299976666 4123842.3848375636
302527.4299976666 4123842.3848375636
302526.7029976666 4123841.0728375637
302526.7029976666 4123841.0728375637
302526.3279976666 4123840.4008375634
302526.3279976666 4123840.4008375634
302526.0309976666 4123839.8618375636
302526.0309976666 4123839.8618375636
302525.3039976666 4123838.5498375637
302525.3039976666 4123838.5498375637
302524.9989976666 4123837.9988375637
302524.9989976666 4123837.9988375637
302524.8149976666 4123837.672837564
302524.6289976666 4123837.3438375634
302524.4479976666 4123837.0158375637
302523.9029976666 4123836.0318375635
302523.9029976666 4123836.0318375635
302523.6809976666 4123835.627837564
302523.6809976666 4123835.627837564
302523.2769976666 4123834.8988375636
302523.2769976666 4123834.8988375636
302522.9319976666 4123834.277837564
302522.9319976666 4123834.277837564
302522.6209976666 4123833.7218375634
302522.6209976666 4123833.7218375634
302522.4389976666 4123833.3938375637
302522.0839976666 4123832.7568375636
302521.8919976666 4123832.4108375637
302521.5369976666 4123831.7728375634
302521.5369976666 4123831.7728375634
302521.4249976666 4123831.5658375635
302521.4249976666 4123831.5658375635
302521.2449976666 4123831.235837564
302521.1389976666 4123831.0408375636
302520.9569976666 4123830.712837564
302520.6839976666 4123830.2218375634
302520.4109976666 4123829.729837564
302520.1339976666 4123829.2388375634
302520.1339976666 4123829.2388375634
302519.7679976666 4123828.5698375637
302519.7679976666 4123828.5698375637
302519.3139976666 4123827.7458375636
302519.3139976666 4123827.7458375636
302519.0979976666 4123827.3538375637
302519.0979976666 4123827.3538375637
302518.7889976666 4123826.7938375636
302518.7889976666 4123826.7938375636
302518.0659976666 4123825.479837564
302518.0659976666 4123825.479837564
302517.6019976666 4123824.6378375636
302517.6019976666 4123824.6378375636
302517.3369976666 4123824.1508375634
302517.3369976666 4123824.1508375634
302516.9449976666 4123823.4448375637
302516.9449976666 4123823.4448375637
302516.6769976666 4123822.9778375635
302516.6769976666 4123822.9778375635
302516.5639976666 4123822.7538375636
302516.3069422403 4123822.334063335
302516.10700795264 4123821.986232451
302515.66331816366 4123821.2440106436
302515.6192203534 4123821.165365789
302515.2941200792 4123820.576844895
302514.7231200792 4123819.5418448946
302514.7231200792 4123819.540844895
302514.4671200792 4123819.079844895
302514.2101200792 4123818.614844895
302513.4821200792 4123817.3038448947
302513.0991200792 4123816.613844895
302512.9261200792 4123816.3008448947
302512.8031200792 4123816.0788448947
302512.6301200792 4123815.7668448947
302511.9021200792 4123814.455844895
302511.6941200792 4123814.080844895
302511.6041200792 4123813.917844895
302511.3971200792 4123813.543844895
302511.3601200792 4123813.4768448947
302511.1161200792 4123813.0358448946
302510.3871200792 4123811.724844895
302510.3691200792 4123811.691844895
302510.0891200792 4123811.185844895
302509.9861200792 4123810.9998448947
302509.7881200792 4123810.642844895
302509.6851200792 4123810.457844895
302508.9571200792 4123809.1468448946
302508.5751200792 4123808.457844895
302508.2721200792 4123807.9088448947
302507.5431200792 4123806.597844895
302507.2731200792 4123806.110844895
302507.0041200792 4123805.6238448946
302506.9681200792 4123805.559844895
302506.7001200792 4123805.074844895
302505.9711200792 4123803.7638448947
302505.5461200792 4123802.9968448947
302505.5241200792 4123802.9568448947
302505.47420126636 4123802.865633259
302505.14965040213 4123802.2817498213
302505.02640323853 4123802.039363733
302505.01544793457 4123802.016083712
302504.6320123145 4123801.323160771
302504.31430851505 4123800.7178802555
302504.01851532236 4123800.167376258
302503.5049843844 4123799.2442220617
302503.5049843844 4123799.2442220617
302502.7779843844 4123797.932222062
302502.7779843844 4123797.932222062
302502.4029843844 4123797.2602220615
302502.4029843844 4123797.2602220615
302502.10598438437 4123796.7212220617
302502.10598438437 4123796.7212220617
302501.37898438436 4123795.4092220617
302501.37898438436 4123795.4092220617
302501.07398438436 4123794.858222062
302501.07398438436 4123794.858222062
302500.88998438435 4123794.532222062
302500.70398438437 4123794.2032220615
302500.5229843844 4123793.8752220618
302499.9779843844 4123792.8912220616
302499.9779843844 4123792.8912220616
302499.7559843844 4123792.487222062
302499.7559843844 4123792.487222062
302499.35198438435 4123791.7582220617
302499.35198438435 4123791.7582220617
302499.0069843844 4123791.137222062
302499.0069843844 4123791.137222062
302498.6959843844 4123790.5812220615
302498.6959843844 4123790.5812220615
302498.51398438436 4123790.253222062
302498.1589843844 4123789.6162220617
302497.9669843844 4123789.270222062
302497.61198438436 4123788.6322220615
302497.61198438436 4123788.6322220615
302497.4999843844 4123788.4252220616
302497.4999843844 4123788.4252220616
302497.3199843844 4123788.095222062
302497.2139843844 4123787.9002220617
302497.0319843844 4123787.572222062
302496.75898438436 4123787.0812220615
302496.4859843844 4123786.589222062
302496.2089843844 4123786.0982220615
302496.2089843844 4123786.0982220615
302495.8429843844 4123785.4292220618
302495.8429843844 4123785.4292220618
302495.38898438436 4123784.6052220617
302495.38898438436 4123784.6052220617
302495.1729843844 4123784.2132220617
302495.1729843844 4123784.2132220617
302494.8639843844 4123783.6532220617
302494.8639843844 4123783.6532220617
302494.1409843844 4123782.339222062
302494.1409843844 4123782.339222062
302493.67698438436 4123781.4972220617
302493.668 4123781.481
302493.549 4123781.265
302493.304 4123780.818
302493.06 4123780.376
302492.976 4123780.226
302492.252 4123778.943
302492.026 4123778.544
302492.014 4123778.522
302491.699 4123777.964
302491.488 4123777.591
302491.115 4123776.93
302490.757 4123776.296
302490.478 4123775.801
302490.187 4123775.286
302490.187 4123775.286
302490.072 4123775.078
302490.072 4123775.078
302489.343 4123773.767
302489.343 4123773.767
302489.172 4123773.457
302489.172 4123773.457
302489.057 4123773.25
302489.057 4123773.25
302488.867 4123772.905
302488.867 4123772.905
302488.797 4123772.779
302488.797 4123772.779
302488.618 4123772.457
302488.618 4123772.457
302487.889 4123771.146
302487.889 4123771.146
302487.625 4123770.671
302487.625 4123770.671
302487.481 4123770.412
302487.481 4123770.412
302487.202 4123769.91
302487.202 4123769.91
302486.473 4123768.599
302486.473 4123768.599
302486.308 4123768.302
302486.308 4123768.302
302486.028 4123767.798
302486.028 4123767.798
302485.898 4123767.565
302485.898 4123767.565
302485.606 4123767.04
302485.606 4123767.04
302484.877 4123765.729
302484.877 4123765.729
302484.716 4123765.439
302484.716 4123765.439
302484.545 4123765.131
302484.545 4123765.131
302484.226 4123764.559
302484.226 4123764.559
302483.497 4123763.248
302483.497 4123763.248
302483.367 4123763.013
302483.367 4123763.013
302483.055 4123762.452
302483.055 4123762.452
302483.035 4123762.416
302483.035 4123762.416
302482.306 4123761.105
302482.306 4123761.105
302481.856 4123760.295
302481.856 4123760.295
302481.834 4123760.256
302481.834 4123760.256
302481.42 4123759.512
302481.42 4123759.512
302481.397 4123759.47
302481.397 4123759.47
302480.668 4123758.159
302480.668 4123758.159
302480.436 4123757.742
302480.436 4123757.742
302480.415 4123757.703
302480.415 4123757.703
302480.18 4123757.282
302480.18 4123757.282
302480.161 4123757.248
302480.161 4123757.248
302479.748 4123756.499
302479.748 4123756.499
302479.305 4123755.703
302479.305 4123755.703
302479.3 4123755.694
302479.3 4123755.694
302478.575 4123754.381
302478.575 4123754.381
302478.066 4123753.466
302478.066 4123753.466
302477.94 4123753.239
302477.94 4123753.239
302477.801 4123752.99
302477.801 4123752.99
302477.755 4123752.908
302477.755 4123752.908
302477.03 4123751.595
302477.03 4123751.595
302476.766 4123751.118
302476.766 4123751.118
302476.546 4123750.722
302476.546 4123750.722
302476.483 4123750.608
302476.483 4123750.608
302476.218 4123750.131
302476.218 4123750.131
302475.493 4123748.818
302475.493 4123748.818
302475.221 4123748.327
302475.221 4123748.327
302475.211 4123748.308
302475.211 4123748.308
302474.723 4123747.428
302474.723 4123747.428
302473.998 4123746.115
302473.998 4123746.115
302473.92 4123745.976
302473.92 4123745.976
302473.496 4123745.211
302473.496 4123745.211
302473.445 4123745.119
302473.445 4123745.119
302473.282 4123744.824
302473.282 4123744.824
302472.553 4123743.513
302472.553 4123743.513
302472.237 4123742.944
302472.237 4123742.944
302471.872 4123742.286
302471.872 4123742.286
302471.737 4123742.042
302471.737 4123742.042
302471.008 4123740.731
302471.008 4123740.731
302470.536 4123739.879
302470.536 4123739.879
302470.409 4123739.65
302470.409 4123739.65
302469.68 4123738.339
302469.68 4123738.339
302469.375 4123737.79
302469.375 4123737.79
302469.308 4123737.669
302469.308 4123737.669
302469.009 4123737.129
302469.009 4123737.129
302468.835 4123736.815
302468.835 4123736.815
302468.106 4123735.504
302468.106 4123735.504
302467.975 4123735.268
302467.975 4123735.268
302467.609 4123734.608
302467.609 4123734.608
302467.472 4123734.362
302467.472 4123734.362
302467.386 4123734.206
302467.386 4123734.206
302466.657 4123732.896
302466.657 4123732.896
302466.398 4123732.429
302466.398 4123732.429
302466.254 4123732.169
302466.254 4123732.169
302465.94 4123731.605
302465.94 4123731.605
302465.919 4123731.568
302465.393 4123730.622
302465.372 4123730.584
302465.19 4123730.257
302465.039 4123729.986
302464.857 4123729.658
302464.857 4123729.658
302464.744 4123729.454
302464.744 4123729.454
302464.452 4123728.928
302464.452 4123728.928
302463.905 4123727.945
302463.738 4123727.645
302463.723 4123727.617
302463.635 4123727.46
302463.556 4123727.317
302463.453 4123727.132
302463.453 4123727.132
302463.137 4123726.563
302463.137 4123726.563
302463.078 4123726.456
302463.078 4123726.456
302462.525 4123725.463
302462.349 4123725.146
302462.315 4123725.086
302462.139 4123724.768
302462.0 4123724.517
302461.823 4123724.199
302461.823 4123724.199
302461.822 4123724.197
302461.822 4123724.197
302461.354 4123723.355
302461.264 4123723.193
302460.796 4123722.351
302460.795 4123722.35
302460.625 4123722.045
302460.624 4123722.044
302460.624 4123722.044
302460.361 4123721.57
302460.361 4123721.57
302460.097 4123721.095
302460.097 4123721.095
302459.543 4123720.096
302459.543 4123720.096
302459.103 4123719.304
302459.103 4123719.304
302458.534 4123718.279
302458.375 4123717.992
302458.026 4123717.363
302457.867 4123717.077
302457.867 4123717.077
302457.428 4123716.287
302457.428 4123716.287
302456.805 4123715.153
302456.805 4123715.153
302456.55 4123714.694
302456.55 4123714.694
302456.295 4123714.236
302456.295 4123714.236
302455.764 4123713.269
302455.573 4123712.921
302455.508 4123712.805
302455.316 4123712.458
302455.316 4123712.458
302455.116 4123712.098
302455.116 4123712.098
302454.737 4123711.413
302454.737 4123711.413
302454.155 4123710.349
302454.155 4123710.349
302453.96 4123709.997
302453.96 4123709.997
302453.588 4123709.325
302453.588 4123709.325
302453.012 4123708.272
302452.868 4123708.01
302452.676 4123707.663
302452.531 4123707.401
302452.531 4123707.401
302452.378 4123707.132
302452.378 4123707.132
302452.151 4123706.738
302452.151 4123706.737
302451.652 4123705.861
302451.652 4123705.861
302450.903 4123704.561
302450.903 4123704.561
302450.54 4123703.922
302450.54 4123703.922
302450.524 4123703.894
302450.524 4123703.894
302450.318 4123703.556
302450.318 4123703.556
302449.86 4123702.796
302449.86 4123702.796
302449.081 4123701.515
302449.081 4123701.515
302448.767 4123700.995
302448.767 4123700.995
302448.749 4123700.968
302448.749 4123700.968
302448.435 4123700.48
302448.435 4123700.48
302448.036 4123699.86
302448.036 4123699.86
302447.2 4123698.634
302447.2 4123698.634
302447.05 4123698.419
302447.05 4123698.419
302446.998 4123698.345
302446.998 4123698.345
302446.544 4123697.692
302446.544 4123697.692
302446.184 4123697.176
302445.9 4123696.771
302445.539 4123696.255
302445.487 4123696.182
302445.323 4123695.948
302445.271 4123695.876
302445.271 4123695.876
302444.946 4123695.425
302444.946 4123695.425
302444.591 4123694.957
302444.591 4123694.957
302444.48 4123694.804
302444.48 4123694.804
302442.528 4123692.527
302442.016 4123691.93
302440.011 4123689.72
302439.708 4123689.386
302437.741 4123687.424
302435.44 4123685.497
302434.476 4123684.689
302431.738 4123683.185
302429.0 4123681.984
302426.745 4123681.109

