-94.707487 -546.63331
-94.2760621226 -545.551348704
-93.882487 -544.56431
-93.3379576481 -543.171600756
-92.774487 -541.78931
-92.1473368484 -540.450234836
-91.486487 -539.08131
-90.8529548259 -537.735628095
-90.203487 -536.38231
-89.937487 -535.83831
-89.2889098821 -534.499673038
-88.631487 -533.15731
-87.9945278597 -531.821021353
-87.325487 -530.47731
-87.100487 -530.05131
-86.4125053878 -528.74686405
-85.702487 -527.41731
-84.9922806687 -526.122144949
-84.303487 -524.78431
-83.8237413429 -523.94686405
-83.307487 -522.92131
-82.6192469609 -521.609785398
-81.898487 -520.28631
-81.786487 -520.08531
-81.0731795451 -518.76933596
-80.339487 -517.47531
-79.6169997699 -516.180571914
-78.892487 -514.86631
-78.892487 -514.86631
-78.487487 -514.19731
-78.487487 -514.19731
-78.472487 -514.16931
-78.472487 -514.16931
-78.092487 -513.52131
-78.092487 -513.52131
-77.462487 -512.43831
-77.462487 -512.43831
-76.964487 -511.58431
-76.964487 -511.58431
-76.553487 -510.80831
-76.553487 -510.80831
-76.049487 -509.92231
-76.049487 -509.92231
-75.322487 -508.61031
-75.322487 -508.61031
-74.939487 -507.94931
-74.939487 -507.94931
-74.728487 -507.58331
-74.728487 -507.58331
-74.697487 -507.52631
-74.697487 -507.52631
-74.242487 -506.70431
-74.242487 -506.70431
-73.867487 -506.02131
-73.867487 -506.02131
-73.680487 -505.66931
-73.680487 -505.66931
-73.417487 -505.20531
-73.417487 -505.20531
-72.783487 -504.06531
-72.783487 -504.06531
-72.523487 -503.61531
-72.523487 -503.61531
-72.272487 -503.14231
-72.272487 -503.14231
-71.809487 -502.31631
-71.809487 -502.31631
-71.368487 -501.53731
-71.368487 -501.53731
-70.719487 -500.39531
-70.627487 -500.23331
-70.207487 -499.48231
-70.116487 -499.31931
-70.116487 -499.31931
-69.863487 -498.86231
-69.423487 -498.07131
-69.423487 -498.07131
-69.216487 -497.65931
-69.103487 -497.43531
-69.103487 -497.43531
-68.835487 -496.96831
-68.835487 -496.96831
-68.443487 -496.26231
-68.443487 -496.26231
-68.178487 -495.77531
-68.178487 -495.77531
-67.714487 -494.93331
-67.714487 -494.93331
-66.991487 -493.61931
-66.991487 -493.61931
-66.682487 -493.05931
-66.682487 -493.05931
-66.466487 -492.66731
-66.466487 -492.66731
-66.012487 -491.84331
-66.012487 -491.84331
-65.646487 -491.17431
-65.646487 -491.17431
-65.369487 -490.68331
-65.096487 -490.19131
-64.823487 -489.70031
-64.641487 -489.37231
-64.535487 -489.17731
-64.355487 -488.84731
-64.355487 -488.84731
-64.243487 -488.64031
-64.243487 -488.64031
-63.888487 -488.00231
-63.696487 -487.65631
-63.341487 -487.01931
-63.159487 -486.69131
-63.159487 -486.69131
-62.848487 -486.13531
-62.848487 -486.13531
-62.503487 -485.51431
-62.503487 -485.51431
-62.099487 -484.78531
-62.099487 -484.78531
-61.877487 -484.38131
-61.877487 -484.38131
-61.332487 -483.39731
-61.151487 -483.06931
-60.965487 -482.74031
-60.781487 -482.41431
-60.781487 -482.41431
-60.476487 -481.86331
-60.476487 -481.86331
-59.749487 -480.55131
-59.749487 -480.55131
-59.452487 -480.01231
-59.452487 -480.01231
-59.077487 -479.34031
-59.077487 -479.34031
-58.350487 -478.02831
-58.350487 -478.02831
-57.753487 -476.94331
-57.753487 -476.94331
-57.027487 -475.63131
-57.027487 -475.63131
-56.528487 -474.73131
-56.528487 -474.73131
-56.211487 -474.16631
-56.211487 -474.16631
-55.484487 -472.85431
-55.484487 -472.85431
-54.893487 -471.79231
-54.893487 -471.79231
-54.884487 -471.77831
-54.884487 -471.77831
-54.325487 -470.75731
-54.325487 -470.75731
-53.598487 -469.44531
-53.598487 -469.44531
-53.307487 -468.93431
-53.307487 -468.93431
-53.056487 -468.45531
-53.056487 -468.45531
-52.329487 -467.14331
-52.329487 -467.14331
-52.035487 -466.63031
-52.035487 -466.63031
-51.721487 -466.07631
-51.721487 -466.07631
-50.994487 -464.76431
-50.994487 -464.76431
-50.743487 -464.28231
-50.743487 -464.28231
-50.221487 -463.37131
-50.221487 -463.37131
-49.494487 -462.05931
-49.494487 -462.05931
-49.042487 -461.22031
-49.042487 -461.22031
-48.788487 -460.76731
-48.788487 -460.76731
-48.061487 -459.45531
-48.061487 -459.45531
-47.830487 -459.03431
-47.830487 -459.03431
-47.363487 -458.20631
-47.363487 -458.20631
-46.636487 -456.89431
-46.636487 -456.89431
-46.175487 -456.05231
-46.175487 -456.05231
-45.869487 -455.48331
-45.869487 -455.48331
-45.142487 -454.17131
-45.142487 -454.17131
-44.681487 -453.36731
-44.681487 -453.36731
-44.514487 -453.04931
-44.514487 -453.04931
-44.352487 -452.76431
-44.352487 -452.76431
-43.626487 -451.45231
-43.626487 -451.45231
-43.337487 -450.93331
-43.337487 -450.93331
-42.922487 -450.18631
-42.922487 -450.18631
-42.195487 -448.87431
-42.195487 -448.87431
-42.025487 -448.57931
-42.025487 -448.57931
-41.615487 -447.81831
-41.615487 -447.81831
-40.914487 -446.55131
-40.914487 -446.55131
-40.645487 -446.08631
-40.645487 -446.08631
-40.460487 -445.75731
-40.460487 -445.75731
-40.207487 -445.29031
-40.207487 -445.29031
-39.614487 -444.20531
-39.614487 -444.20531
-39.323487 -443.68631
-39.323487 -443.68631
-39.208487 -443.47531
-39.208487 -443.47531
-38.937487 -442.96531
-38.937487 -442.96531
-38.392487 -442.01331
-38.392487 -442.01331
-38.109487 -441.51431
-38.109487 -441.51431
-37.887487 -441.13331
-37.887487 -441.13331
-37.279487 -440.07131
-37.279487 -440.07131
-36.962487 -439.50331
-36.962487 -439.50331
-36.754487 -439.11431
-36.754487 -439.11431
-36.310487 -438.41231
-36.310487 -438.41231
-35.985487 -437.84331
-35.985487 -437.84331
-35.665487 -437.26231
-35.432487 -436.83931
-35.357487 -436.70231
-34.9933918835 -436.016556722
-34.6154391276 -435.404633212
-34.2734818722 -434.792709703
-33.9135268666 -434.126792943
-33.5355741107 -433.460876182
-33.1936168554 -432.848952672
-32.8516596 -432.165038162
-32.4705882324 -431.525980313
-32.4705882309 -431.525980307
-32.3991081773 -431.353685426
-32.3306144939 -431.18018171
-32.2651276127 -431.005520917
-32.2026670695 -430.829755151
-32.1432514967 -430.652936843
-32.0868986186 -430.475118741
-32.0336252459 -430.296353891
-31.9834472705 -430.116695618
-31.9363796612 -429.936197517
-31.8924364586 -429.754913433
-31.8516307715 -429.572897445
-31.8139747726 -429.390203849
-31.7794796951 -429.206887146
-31.7481558293 -429.02300202
-31.7200125193 -428.838603326
-31.6950581606 -428.653746073
-31.6733001975 -428.468485405
-31.6547451204 -428.282876587
-31.6393984645 -428.096974988
-31.627264808 -427.910836066
-31.6183477704 -427.724515346
-31.6126500118 -427.53806841
-31.6101732319 -427.351550878
-31.6109181695 -427.16501839
-31.6148846023 -426.97852659
-31.6220713473 -426.792131111
-31.6324762604 -426.605887555
-31.6460962378 -426.419851482
-31.6629272166 -426.234078389
-31.6829641758 -426.048623692
-31.7062011382 -425.863542716
-31.732631172 -425.678890672
-31.7622463928 -425.494722643
-31.7950379662 -425.311093569
-31.83099611 -425.128058228
-31.8701100976 -424.945671221
-31.9123682608 -424.763986957
-31.9577579937 -424.583059634
-32.0062657559 -424.402943224
-32.0578770771 -424.223691458
-32.1125765611 -424.045357808
-32.1703478905 -423.867995474
-32.2311738316 -423.691657364
-32.2950362391 -423.516396082
-32.3619160625 -423.34226391
-32.4317933507 -423.169312793
-32.5046472586 -422.997594325
-32.580456053 -422.827159731
-32.6591971196 -422.658059854
-32.740846969 -422.490345137
-32.8253812441 -422.324065612
-32.9127747276 -422.159270881
-33.003001349 -421.996010105
-33.0960341929 -421.834331986
-33.1918455065 -421.674284755
-33.2904067084 -421.515916154
-33.3916883967 -421.359273428
-33.495660358 -421.204403304
-33.6022915764 -421.051351981
-33.7115502427 -420.900165116
-33.823403764 -420.750887811
-33.9378187731 -420.603564595
-34.0547611389 -420.458239418
-34.1741959762 -420.31495563
-34.2960876564 -420.173755975
-34.4203998179 -420.034682575
-34.5470953772 -419.897776917
-34.6761365396 -419.763079839
-34.8074848108 -419.630631526
-34.9411010082 -419.500471486
-35.0769452728 -419.372638548
-35.2149770808 -419.247170847
-35.3551552558 -419.12410581
-35.4974379813 -419.003480149
-35.6417828129 -418.885329847
-35.7881466909 -418.76969015
-35.9364859536 -418.656595556
-36.0867563497 -418.5460798
-36.2389130521 -418.438175852
-36.3929106708 -418.3329159
-36.5487032667 -418.230331344
-36.7062443654 -418.130452785
-36.8654869704 -418.03331002
-36.865487 -418.03331
-37.105487 -417.89731
-37.327487 -417.77231
-38.0372613999 -417.373137147
-38.708487 -416.99231
-38.833487 -416.92131
-39.349487 -416.63331
-39.963487 -416.29031
-40.5029531884 -415.978311501
-41.009487 -415.70731
-41.009487 -415.70731
-41.263487 -415.56831
-41.263487 -415.56831
-41.9247754607 -415.213407114
-42.578487 -414.84731
-42.578487 -414.84731
-43.891487 -414.12231
-43.891487 -414.12231
-44.549487 -413.76131
-45.207487 -413.40131
-45.864487 -413.03831
-46.520487 -412.67531
-46.520487 -412.67531
-47.177487 -412.31531
-47.835487 -411.95531
-48.493487 -411.59131
-49.148487 -411.22931
-49.148487 -411.22931
-49.856487 -410.84431
-49.856487 -410.84431
-51.169487 -410.11831
-51.169487 -410.11831
-52.486487 -409.40131
-52.486487 -409.40131
-53.799487 -408.67531
-53.799487 -408.67531
-55.116487 -407.95831
-55.116487 -407.95831
-55.695487 -407.63731
-55.695487 -407.63731
-56.354487 -407.27231
-57.007487 -406.90931
-57.665487 -406.55031
-58.324487 -406.19131
-58.324487 -406.19131
-58.399487 -406.14931
-58.399487 -406.14931
-59.183487 -405.68731
-59.183487 -405.68731
-59.952487 -405.23331
-59.952487 -405.23331
-60.284487 -405.03131
-60.284487 -405.03131
-60.851487 -404.67131
-60.851487 -404.67131
-61.294487 -404.38831
-61.294487 -404.38831
-61.714487 -404.07531
-61.714487 -404.07531
-62.238487 -403.67831
-62.238487 -403.67831
-62.632487 -403.36231
-62.632487 -403.36231
-63.031487 -403.01431
-63.031487 -403.01431
-63.473487 -402.58431
-63.473487 -402.58431
-63.865487 -402.17231
-63.865487 -402.17231
-64.409487 -401.58231
-64.409487 -401.58231
-64.715487 -401.22731
-64.715487 -401.22731
-65.146487 -400.68331
-65.146487 -400.68331
-65.369487 -400.35531
-65.369487 -400.35531
-65.694487 -399.85531
-65.694487 -399.85531
-65.943487 -399.45831
-65.943487 -399.45831
-66.172487 -398.99331
-66.172487 -398.99331
-66.396487 -398.56631
-66.396487 -398.56631
-66.623487 -398.04731
-66.623487 -398.04731
-66.820487 -397.54031
-66.820487 -397.54031
-67.004487 -396.93231
-67.004487 -396.93231
-67.147487 -396.35731
-67.147487 -396.35731
-67.281487 -395.67431
-67.281487 -395.67431
-67.344487 -395.09731
-67.344487 -395.09731
-67.388487 -394.33131
-67.388487 -394.33131
-67.396487 -393.84231
-67.396487 -393.84231
-67.405487 -393.34531
-67.405487 -393.34531
-67.382487 -392.80831
-67.382487 -392.80831
-67.341487 -392.37931
-67.341487 -392.37931
-67.292487 -392.00431
-67.292487 -392.00431
-67.213487 -391.40831
-67.213487 -391.40831
-67.069487 -390.83431
-67.069487 -390.83431
-66.913487 -390.14231
-66.913487 -390.14231
-66.690487 -389.48631
-66.690487 -389.48631
-66.440487 -388.69331
-66.440487 -388.69331
-66.243487 -388.18331
-66.243487 -388.18331
-66.051487 -387.70131
-66.051487 -387.70131
-65.817487 -387.17731
-65.817487 -387.17731
-65.618487 -386.71231
-65.618487 -386.71231
-65.407487 -386.29531
-65.407487 -386.29531
-65.057487 -385.57131
-65.057487 -385.57131
-64.809487 -385.07931
-64.809487 -385.07931
-64.269487 -384.05331
-64.269487 -384.05331
-64.026487 -383.57231
-64.026487 -383.57231
-63.931487 -383.39731
-63.931487 -383.39731
-63.571487 -382.73931
-63.210487 -382.08131
-62.846487 -381.42331
-62.484487 -380.76931
-62.484487 -380.76931
-62.123487 -380.11131
-61.763487 -379.45331
-61.399487 -378.79531
-61.037487 -378.14131
-61.037487 -378.14131
-60.676487 -377.48331
-60.316487 -376.82531
-59.952487 -376.16731
-59.589487 -375.51331
-59.589487 -375.51331
-59.277487 -374.95131
-59.277487 -374.95131
-58.550487 -373.63931
-58.550487 -373.63931
-58.186487 -372.98331
-57.822487 -372.32831
-57.822487 -372.32831
-57.189487 -371.17831
-56.662487 -370.21331
-56.5181816678 -369.948286775
-55.8190386777 -368.932192266
-55.1743970171 -367.879665464
-55.1743970112 -367.879665455
-54.8111646618 -367.271899803
-54.4692074066 -366.664475731
-54.0957540882 -366.021056158
-53.7663970112 -365.435665456
-53.4833970112 -364.944665455
-53.0473851343 -364.180786192
-52.6833970112 -363.430665455
-52.1653970112 -362.527665455
-51.7523970112 -361.914665455
-51.7033970112 -361.842665455
-51.4443970112 -361.445665455
-50.8653970112 -360.870665455
-50.4083970112 -360.505665455
-49.9053970112 -360.247665456
-49.5193970112 -360.125665456
-49.2213970112 -360.059665455
-49.1593970112 -360.054665456
-48.5923970112 -360.008665456
-47.5733970112 -360.043665456
-46.3933970112 -360.267665456
-45.1833970112 -360.573665455
-44.8963970112 -360.679665456
-43.9143970112 -361.042665455
-43.0991286663 -361.418131523
-42.2723970112 -361.792665455
-41.5073970112 -362.209665455
-41.5073969968 -362.209665463
-40.8314121309 -362.596984167
-40.1654953704 -362.929942547
-38.847487 -363.63931
-38.454487 -363.86131
-37.142487 -364.58731
-35.962487 -365.23531
-34.909487 -365.82931
-33.597487 -366.55631
-32.647487 -367.09131
-32.290487 -367.29231
-31.337487 -367.82031
-30.977487 -368.01931
-29.874487 -368.62231
-28.562487 -369.34931
-27.829487 -369.75531
-27.1878709983 -370.110568822
-26.3527112641 -370.551867703
-24.6531751856 -371.485481046
-22.9793844094 -372.439361811
-21.2695981327 -373.411240326
-19.6138051068 -374.275132339
-17.9220165804 -375.193017604
-16.2482258042 -376.128900619
-14.5744350281 -377.046785883
-12.935535158 -377.967850325
-12.9355351403 -377.967850339
-12.0949805951 -378.361891926
-11.3739805951 -378.678891926
-10.7019805951 -378.877891926
-9.91498059506 -379.057891926
-8.87198059505 -379.178891926
-7.79098059505 -379.163891926
-6.73298059509 -379.104891926
-5.53698059509 -378.766891926
-4.46598059509 -378.231891926
-3.50698059506 -377.567891926
-2.78298059508 -376.866891926
-2.10298059508 -376.113891926
-1.18498059508 -374.896891926
-0.606440252275 -373.917569093
-0.0283889163402 -372.940780023
-0.0283889176208 -372.940780025
0.455427014327 -372.07279969
0.936866834352 -371.213407114
1.44080384221 -370.340516225
1.91324478708 -369.490122524
2.37443713774 -368.641978543
2.85812667693 -367.79383456
3.32831790263 -366.950190017
3.79051300039 -366.096309997
3.79051300004 -366.09631
4.343513 -365.10231
4.343513 -365.10231
5.07051300001 -363.79031
5.07051300001 -363.79031
5.59951299999 -362.83931
5.59951299999 -362.83931
6.32651300001 -361.52731
6.32651300001 -361.52731
6.76351300004 -360.73931
6.76351300004 -360.73931
7.29351300001 -359.78531
7.29351300001 -359.78531
8.02051300002 -358.47331
8.02051300002 -358.47331
8.457513 -357.68731
8.457513 -357.68731
9.18451300001 -356.37531
9.18451300001 -356.37531
9.91351300001 -355.06431
9.91351300001 -355.06431
9.92651300004 -355.04031
9.92651300004 -355.04031
10.653513 -353.72831
10.653513 -353.72831
11.381513 -352.41731
11.381513 -352.41731
11.451513 -352.29231
11.451513 -352.29231
12.178513 -350.98031
12.178513 -350.98031
12.410513 -350.55031
12.4105130046 -350.550309997
13.0201064292 -349.474374492
13.6230310636 -348.412507226
14.2439534484 -347.332642209
14.8288803324 -346.270774943
15.3958094663 -345.262900927
15.9627386001 -344.273024661
16.5026711086 -343.25615177
17.0606013673 -342.25727663
17.6365293763 -341.249402613
18.2124573853 -340.259526349
18.7883853943 -339.251652333
19.3463156529 -338.261776068
19.9312425371 -337.235904301
20.4981716709 -336.246028036
21.0111075541 -335.391134898
21.4700501863 -334.581236135
21.9559894438 -333.735341872
22.4239309512 -332.898446484
22.9098702088 -332.079548847
23.3328173403 -331.278648958
23.7917599725 -330.477749071
24.2507026047 -329.667850308
24.7096452368 -328.866950421
25.168587869 -328.075049408
25.6095327509 -327.274149521
26.0676605093 -326.458057123
26.0676605108 -326.458057125
27.469513 -323.93531
28.872513 -321.41131
30.066513 -319.21731
31.261513 -317.02231
32.338513 -315.09131
33.414513 -313.16031
34.315513 -311.53631
35.216513 -309.91131
35.934513 -308.55031
36.652513 -307.18931
36.652513 -307.18931
37.434513 -305.70631
38.216513 -304.22331
39.441513 -301.82631
40.799513 -299.15731
42.150513 -296.49331
42.623513 -295.56131
43.931513 -292.86731
44.582513 -291.51131
45.233513 -290.15431
45.701513 -289.17331
46.351513 -287.79831
47.001513 -286.42331
47.633513 -285.05731
48.264513 -283.69131
49.197513 -281.66331
50.394513 -278.94331
50.993513 -277.52131
51.592513 -276.09931
52.731513 -273.35831
53.279513 -271.94331
53.826513 -270.52931
54.911513 -267.75131
55.480513 -266.29831
55.992513 -264.86631
56.504513 -263.43331
56.991513 -261.99631
57.479513 -260.55931
57.674513 -259.98231
58.137513 -258.53631
58.600513 -257.09031
58.746513 -256.61031
59.582513 -253.74031
60.150513 -251.79331
60.553513 -250.33331
60.957513 -248.87431
61.035513 -248.58731
61.358513 -247.03931
61.681513 -245.49131
61.835513 -244.66331
62.277513 -241.75431
62.463513 -240.21131
62.649513 -238.66831
62.879513 -236.14131
63.088513 -233.16431
63.114513 -232.79131
63.193513 -231.27631
63.272513 -229.76131
63.365513 -227.89331
63.461513 -225.69331
63.4615130027 -225.693309993
63.5116699838 -224.19878394
63.5566643596 -222.695971791
63.6016587353 -221.364138271
63.6466531111 -220.018806436
63.6871480491 -218.686972916
63.7321424249 -217.445128146
63.7771368005 -216.203283377
63.8176317387 -214.961438607
63.8491278017 -213.719593838
63.867125552 -212.225780564
63.8851233022 -210.731967291
63.9211188028 -209.238154018
63.9931098039 -207.780336245
64.0291053045 -206.304520722
64.065100805 -204.828705199
64.1010963056 -203.316894175
64.1385130002 -201.810309988
64.138513 -201.81031
64.426513 -199.27331
64.616513 -197.77331
64.806513 -196.27331
64.946513 -195.13531
65.303513 -192.16731
65.549513 -190.11431
65.914513 -187.15731
66.278513 -184.19731
66.331513 -183.77231
66.687513 -180.81631
67.047513 -177.85331
67.156513 -176.95631
67.300513 -175.03131
67.331513 -173.47631
67.362513 -171.92031
67.367513 -171.51631
67.364513 -169.96331
67.362513 -168.41031
67.362513 -168.41031
67.369513 -165.41531
67.375513 -162.42031
67.4161746509 -159.422223151
67.3337435486 -158.433049922
67.1853675643 -157.65819756
67.1853675618 -157.658197545
66.9215880368 -156.58659323
66.4929463045 -155.514988899
65.569717958 -153.206918033
64.415682525 -150.849388505
64.0364994541 -149.711839293
63.9363160593 -149.048602366
63.9363160593 -149.048602366
63.864513 -147.53431
63.838513 -146.02131
63.804513 -143.20831
63.791513 -140.21131
63.778513 -137.21431
63.771513 -135.71431
63.764513 -134.21331
63.763513 -134.08331
63.747513 -131.09931
63.731513 -128.11531
63.714513 -125.13131
63.698513 -122.14731
63.7006463621 -118.812957168
63.7186441123 -117.139166392
63.7006463621 -115.519368866
63.6466531113 -113.179661329
63.6724558084 -110.839778777
63.6724558111 -110.839778789
63.6645676172 -108.590364617
63.6595676172 -105.597364618
63.6585676172 -104.950364617
63.6395676172 -102.826364617
63.6115676172 -100.781364617
63.2855676172 -98.7133646174
62.7645676172 -96.4623646173
62.0875676172 -94.4953646171
61.2875676172 -93.0123646171
59.6895676172 -90.8613646175
58.2615676172 -89.4113646173
56.7635676172 -88.2883646172
55.4125676172 -87.7383646173
54.1675676172 -87.3893646174
52.4861456055 -87.2433009436
52.4861455988 -87.2433009376
51.2012087918 -87.2404037369
49.9143696468 -87.2449031747
48.5825361259 -87.249402612
47.2687003554 -87.2449031747
46.0088578357 -87.2269054241
44.6950220652 -87.2449031747
43.3631885444 -87.2629009248
42.032513 -87.28731
41.385513 -87.2903100001
41.385513 -87.2903100001
39.885513 -87.2863099999
39.885513 -87.2863099999
38.967513 -87.2903100001
38.967513 -87.2903100001
38.464513 -87.2893099999
38.464513 -87.2893099999
37.546513 -87.2923099999
37.546513 -87.2923099999
36.046513 -87.3053099997
36.046513 -87.3053099997
34.212513 -87.3133100001
34.212513 -87.3133100001
33.219513 -87.32131
33.219513 -87.32131
31.488513 -87.3293099999
31.488513 -87.3293099999
29.988513 -87.3403099999
29.988513 -87.3403099999
28.967513 -87.3483099998
28.967513 -87.3483099998
27.236513 -87.35531
27.236513 -87.35531
25.736513 -87.3543099998
25.736513 -87.3543099998
24.006513 -87.3623099998
23.818513 -87.3623099998
23.017513 -87.3613100001
22.828513 -87.3603099999
21.549513 -87.35231
21.360513 -87.3533100002
19.4171817952 -87.366387988
18.4126823576 -87.3748244341
17.4734247648 -87.3843857385
15.5296677345 -87.3843857385
13.5859107041 -87.4023834886
11.6421536737 -87.4023834886
9.69839664333 -87.4203812391
8.72651812818 -87.4383789892
7.75463961298 -87.4383789892
6.78276109777 -87.4518773016
5.81380049698 -87.462285703
5.81380047963 -87.462285703
5.66859299166 -87.4608900095
5.52338316734 -87.4620167026
5.37821481947 -87.4656654429
5.23313174845 -87.471835129
5.08817772887 -87.4805238992
4.94339649647 -87.4917291324
4.79883173463 -87.5054474478
4.65452706179 -87.5216747057
4.51052601752 -87.5404060106
4.3668720501 -87.5616357108
4.22360850289 -87.5853574001
4.08077860152 -87.6115639224
3.93842544075 -87.6402473697
3.79659197159 -87.6713990876
3.65532098815 -87.7050096779
3.51465511485 -87.7410689984
3.37463679351 -87.7795661702
3.23530827067 -87.820489577
3.09671158466 -87.8638268723
2.95888855297 -87.9095649794
2.82188075979 -87.9576900988
2.68572954315 -88.0081877098
2.55047598277 -88.0610425766
2.41616088757 -88.1162387514
2.28282478318 -88.1737595806
2.15050789987 -88.2335877088
2.01925016049 -88.2957050847
1.88909116824 -88.3600929659
1.76007019484 -88.4267319255
1.63222616859 -88.4956018571
1.5055976627 -88.5666819811
1.38022288377 -88.6399508514
1.25613965996 -88.7153863609
1.13338542974 -88.7929657488
1.01199723064 -88.8726656088
0.892011688091 -88.9544618931
0.773465004226 -89.0383299217
0.65639294713 -89.1242443905
0.540830839775 -89.2121793772
0.426813549828 -89.3021083497
0.3143754786 -89.394004175
0.203550551028 -89.4878391256
0.094372205378 -89.5835848898
-0.0131266169483 -89.6812125789
-0.118913481361 -89.7806927371
-0.22295646969 -89.8819953487
-0.325224189961 -89.9850898483
-0.425685785885 -90.089945131
-0.524310946057 -90.1965295589
-0.621069913264 -90.3048109738
-0.715933493164 -90.4147567046
-0.808873063535 -90.5263335784
-0.899860582489 -90.6395079303
-0.988868597196 -90.7542456132
-1.0758702521 -90.8705120077
-1.16083929688 -90.988272035
-1.24375009473 -91.1074901633
-1.32457762957 -91.2281304225
-1.40329751407 -91.3501564125
-1.47988599684 -91.473531316
-1.55431996955 -91.5982179083
-1.62657697377 -91.724178568
-1.69663520815 -91.8513752911
-1.76447353465 -91.9797696988
-1.83007148496 -92.1093230527
-1.89340926684 -92.2399962628
-1.95446776989 -92.3717499031
-2.01322857157 -92.5045442204
-2.06967394246 -92.6383391479
-2.12378685176 -92.7730943169
-2.17555097258 -92.9087690692
-2.2249506865 -93.045322468
-2.2719710886 -93.182713313
-2.31659799186 -93.3209001506
-2.35881793138 -93.4598412863
-2.39861816855 -93.599494799
-2.43598669476 -93.7398185525
-2.47091223515 -93.8807702078
-2.50338425202 -94.0223072371
-2.53339294775 -94.1643869355
-2.56092926819 -94.3069664347
-2.58598490508 -94.4500027155
-2.6027697504 -94.5946476446
-2.61942074524 -94.7346673738
-2.63380114984 -94.8746871026
-2.6452487089 -95.0257759588
-2.64697530353 -95.1774797654
-2.65303021076 -95.331856248
-2.65303946752 -95.3318596045
-2.6529503013 -95.3389672833
-2.65295030549 -95.3389673796
-2.6536843463 -95.7274678526
-2.6536843463 -96.1279177964
-2.6626832214 -96.5238683023
-2.65818378387 -96.9198188088
-2.65818378387 -97.3112698775
-2.6626832214 -97.6982215084
-2.66268322151 -97.9906849507
-2.66268322151 -98.2876478303
-2.66268322145 -98.6026084605
-2.66268322145 -98.9175690906
-2.66268322145 -99.237029158
-2.66268322163 -99.5564892255
-2.66268322151 -99.8579515428
-2.66718265909 -100.163913297
-2.67393181555 -100.663350868
-2.67618153436 -101.158289
-2.67618153431 -101.650977415
-2.67618153436 -102.157164141
-2.67618153419 -102.667850305
-2.67618153419 -103.171787313
-2.67618153419 -103.675724321
-2.67540709942 -104.19442115
-2.67548699997 -104.18731
-2.672487 -104.72031
-2.672487 -104.72031
-2.667487 -105.64531
-2.667487 -105.64531
-2.66248699999 -107.14531
-2.66248699999 -107.14531
-2.66048699996 -107.49731
-2.66048699996 -107.49731
-2.65248699998 -108.97131
-2.65248699998 -108.97131
-2.64748699998 -110.47131
-2.64748699998 -110.47131
-2.63848699996 -111.92231
-2.63848699996 -111.92231
-2.634487 -113.42231
-2.634487 -113.42231
-2.63048699999 -114.15031
-2.63048699999 -114.15031
-2.62548699998 -114.83231
-2.62548699998 -114.83231
-2.61948699999 -115.84531
-2.61948699999 -115.84531
-2.61048699997 -117.34531
-2.61048699997 -117.34531
-2.60648699995 -117.94131
-2.60648699995 -117.94131
-2.602487 -118.73431
-2.602487 -118.73431
-2.59248699999 -120.23431
-2.59248699999 -120.23431
-2.591487 -120.48931
-2.591487 -120.48931
-2.58448699996 -121.59631
-2.58448699996 -121.59631
-2.57548699999 -123.09631
-2.57548699999 -123.09631
-2.569487 -124.19131
-2.569487 -124.19131
-2.56748699996 -124.54931
-2.56748699996 -124.54931
-2.56248699996 -125.39131
-2.56248699996 -125.39131
-2.55448699999 -126.89131
-2.55448699999 -126.89131
-2.55148699996 -127.47131
-2.55148699996 -127.47131
-2.54948699998 -127.93431
-2.54948699998 -127.93431
-2.54548699997 -128.78631
-2.54548699997 -128.78631
-2.53748699999 -130.28631
-2.53748699999 -130.28631
-2.53448699997 -130.85131
-2.53448699997 -130.85131
-2.53248699999 -131.41531
-2.53248699999 -131.41531
-2.52348699997 -132.91531
-2.52348699997 -132.91531
-2.51948699995 -133.86031
-2.51948699995 -133.86031
-2.51648699999 -134.40131
-2.51648699999 -134.40131
-2.51448700001 -134.93531
-2.51448700001 -134.93531
-2.51048699999 -135.88531
-2.51048699999 -135.88531
-2.50248699996 -137.38531
-2.50248699996 -137.38531
-2.498487 -138.21331
-2.498487 -138.21331
-2.49748699996 -138.53031
-2.49748699996 -138.53031
-2.49048699997 -140.03031
-2.49048699997 -140.03031
-2.48948699998 -140.08431
-2.48948699998 -140.08431
-2.48648699996 -140.94531
-2.48648699996 -140.94531
-2.47948699998 -142.44531
-2.47948699998 -142.44531
-2.47448699997 -143.53131
-2.47448699997 -143.53131
-2.47348699998 -144.01431
-2.47348699998 -144.01431
-2.46948699997 -144.92431
-2.46948699997 -144.92431
-2.466487 -145.97731
-2.466487 -145.97731
-2.46148699999 -147.47731
-2.46148699999 -147.47731
-2.45948699996 -148.01431
-2.45948699996 -148.01431
-2.45448700001 -149.51431
-2.45448700001 -149.51431
-2.45048699999 -150.63531
-2.45048699999 -150.63531
-2.44848699996 -151.17231
-2.44848699996 -151.17231
-2.44748699997 -151.39331
-2.44748699997 -151.39331
-2.44348699995 -152.68731
-2.44248699996 -152.89331
-2.43648699997 -153.34631
-2.43448699999 -153.55331
-2.42548699997 -154.27331
-2.422487 -154.48031
-2.45948699996 -156.51331
-2.47548699996 -157.36831
-2.47648700001 -157.43931
-2.47648700001 -158.34631
-2.47648700001 -159.55731
-2.466487 -160.38431
-2.45848699997 -161.04731
-2.45248699997 -161.55131
-2.44948700001 -161.81031
-2.44548699999 -162.13531
-2.41848699999 -163.22631
-2.40748699999 -163.65231
-2.39648699999 -164.09531
-2.384487 -164.55931
-2.36748700001 -165.16631
-2.35048699996 -165.75431
-2.341487 -166.08831
-2.32348699996 -166.73831
-2.31348700001 -167.16831
-2.30448699999 -167.54931
-2.292487 -168.05831
-2.28848699998 -168.11231
-2.20348699996 -169.29031
-2.18748699996 -169.49631
-2.15748699999 -169.86731
-2.13348699996 -170.16731
-2.10048699996 -170.57731
-2.047487 -171.24231
-2.02348699997 -171.53931
-2.02148699999 -171.56731
-1.97848699999 -172.18431
-1.93648699997 -172.78431
-1.93648699997 -172.78431
-1.93648699997 -172.78631
-1.901487 -173.28831
-1.863487 -173.82731
-1.80448699999 -174.67231
-1.76648699999 -175.21631
-1.76648699999 -175.21631
-1.76648699999 -175.83331
-1.76648699999 -175.83331
-1.76148699998 -176.72131
-1.76148699998 -176.72131
-1.76148699998 -178.22131
-1.76148699998 -178.22131
-1.75548699999 -179.34631
-1.75348700001 -179.72131
-1.75348700001 -179.72131
-1.75048699998 -180.51031
-1.75048699998 -180.51031
-1.74548699998 -181.04831
-1.74548699998 -181.04831
-1.74048699997 -182.54831
-1.74048699997 -182.54831
-1.72548699996 -184.04831
-1.72548699996 -184.04831
-1.72048699996 -185.54831
-1.72048699996 -185.54831
-1.70648699999 -187.04831
-1.70648699999 -187.04831
-1.69748699997 -187.93931
-1.69748699997 -187.93931
-1.69148699997 -189.43931
-1.69148699997 -189.43931
-1.68048699998 -190.56431
-1.67648699996 -190.93931
-1.65848699998 -191.76231
-1.65048700001 -192.13831
-1.65048700001 -192.13831
-1.62748699996 -193.25431
-1.62748699996 -193.25431
-1.60848699999 -194.25131
-1.60848699999 -194.25131
-1.57548699999 -195.02931
-1.57548699999 -195.03031
-1.51748699998 -196.09731
-1.51748699998 -196.09731
-1.44548699999 -196.78331
-1.44548699999 -196.78331
-1.34348699998 -197.73631
-1.34348699998 -197.73631
-1.25548699999 -198.33731
-1.25548699999 -198.33731
-1.123487 -199.08431
-1.123487 -199.08431
-0.993487 -199.66531
-0.993487 -199.66531
-0.796486999956 -200.36631
-0.796486999956 -200.36631
-0.620486999978 -200.89431
-0.620486999978 -200.89431
-0.36748700001 -201.55331
-0.36748700001 -201.55331
-0.189486999996 -201.95931
-0.189486999996 -201.95931
0.148512999993 -202.66331
0.148512999993 -202.66331
0.347513000015 -203.06031
0.347513000015 -203.06031
0.556513000047 -203.43931
0.556513000047 -203.43931
0.788513000007 -203.88731
0.788513000007 -203.88731
1.115513 -204.40631
1.115513 -204.40631
1.48151300004 -204.98531
1.48151300004 -204.98531
1.86051299999 -205.45631
1.86051299999 -205.45631
2.12751300004 -205.81331
2.12751300004 -205.81331
2.49751300004 -206.23931
2.49751300004 -206.23931
2.98251300002 -206.79031
2.98251300002 -206.79031
3.35551300005 -207.15631
3.35551300005 -207.15631
3.88451300003 -207.65431
3.88451300003 -207.65431
4.37451300002 -208.04131
4.37451300002 -208.04131
4.892513 -208.46531
4.892513 -208.46531
5.376513 -208.79631
5.376513 -208.79631
5.97551300004 -209.17331
5.97551300004 -209.17331
6.49251300003 -209.47531
6.49251300003 -209.47531
7.04051300004 -209.75931
7.04051300004 -209.75931
7.73951300001 -210.11331
7.73951300001 -210.11331
8.19351300003 -210.29731
8.19351300003 -210.29731
9.13951300003 -210.63331
9.13951300003 -210.63331
9.57851300004 -210.78631
9.57851300004 -210.78631
9.957513 -210.90231
9.957513 -210.90231
10.903513 -211.15431
10.903513 -211.15431
12.007513 -211.38531
12.007513 -211.38531
13.027513 -211.55731
13.027513 -211.55731
13.572513 -211.63731
13.572513 -211.63731
14.510513 -211.73731
14.510513 -211.73731
15.047513 -211.79531
15.047513 -211.79531
15.497513 -211.82531
15.497513 -211.82531
16.877513 -211.89931
16.877513 -211.89931
17.319513 -211.91931
17.319513 -211.91931
17.752513 -211.93131
17.752513 -211.93131
18.438513 -211.93431
18.438513 -211.93431
19.416513 -211.93631
19.416513 -211.93631
20.088513 -211.93331
20.088513 -211.93331
20.116513 -211.93331
20.116513 -211.93331
21.615513 -211.93531
21.616513 -211.93531
23.115513 -211.93431
23.116513 -211.93431
23.566513 -211.93031
23.567513 -211.93031
25.066513 -211.91731
25.066513 -211.91731
26.566513 -211.91631
26.566513 -211.91631
28.004513 -211.91331
28.004513 -211.91331
29.504513 -211.91231
29.504513 -211.91231
31.004513 -211.90831
31.004513 -211.90831
32.504513 -211.90731
32.504513 -211.90731
34.004513 -211.90431
34.004513 -211.90431
35.504513 -211.90331
35.504513 -211.90331
35.673513 -211.90231
35.673513 -211.90231
37.173513 -211.90131
37.173513 -211.90131
38.673513 -211.89331
38.673513 -211.89331
40.173513 -211.89231
40.173513 -211.89231
41.673513 -211.88431
41.673513 -211.88431
43.447513 -211.86031
43.4475129996 -211.860310001
45.2651317028 -211.827893668
46.090873079 -211.840644459
46.601873079 -211.875644459
47.973873079 -212.037644459
49.1470918905 -212.280726572
50.457873079 -212.624644459
51.285873079 -212.919644459
51.892873079 -213.225644459
52.509873079 -213.621644459
53.092873079 -214.093644459
53.679873079 -214.806644459
54.244873079 -215.533644459
54.698873079 -216.382644459
55.102873079 -217.158644459
55.524873079 -218.327644459
55.798873079 -219.368644459
55.9343899597 -220.211529083
55.996873079 -220.823644459
56.015873079 -222.846644459
56.001873079 -223.433644459
56.0018730785 -223.43364446
55.9195129997 -225.528309999
55.919513 -225.52831
55.805513 -228.52531
55.748513 -230.00731
55.584513 -232.98531
55.567513 -233.30331
55.291513 -236.28231
55.029513 -239.12131
54.822513 -240.60731
54.616513 -242.09431
54.453513 -243.27131
53.819513 -246.19531
53.282513 -248.67131
52.450513 -251.54231
51.851513 -253.61031
51.392513 -255.03931
50.934513 -256.46831
50.665513 -257.30531
50.178513 -258.72531
49.691513 -260.14531
49.328513 -261.20131
48.305513 -264.02031
47.825513 -265.34231
46.706513 -268.11431
45.588513 -270.88631
44.469513 -273.65831
43.896513 -275.07831
42.685513 -277.81131
41.475513 -280.54331
40.264513 -283.27631
39.762513 -284.40931
38.466513 -287.10531
37.171513 -289.80131
36.643513 -290.89831
35.966513 -292.23731
35.288513 -293.57531
34.611513 -294.91431
33.933513 -296.25231
33.014513 -298.06731
32.323513 -299.39831
31.631513 -300.72931
30.940513 -302.06031
30.248513 -303.39231
29.303513 -305.20931
27.863513 -307.84131
26.423513 -310.47231
25.051513 -312.97831
24.322513 -314.28931
23.592513 -315.60131
22.862513 -316.91231
22.133513 -318.22431
20.955513 -320.34031
20.9555129979 -320.340309997
20.2180816824 -321.962563468
19.4722999051 -323.602608465
18.7422661593 -325.238154019
17.9784866317 -326.842203515
17.4104326385 -328.117794064
16.7726373629 -329.451877306
16.1865856194 -330.781461106
15.5667880941 -332.097546597
15.0392290389 -333.224655706
14.5127948433 -334.381011163
13.9908600851 -335.568862681
13.4790490614 -336.686972918
13.0954720086 -337.508120273
12.7130198152 -338.340516225
11.9706126161 -339.989560094
11.7557644721 -340.459751321
11.5611637972 -340.886073031
11.374437138 -341.29439699
11.2608263394 -341.545240635
10.7332672842 -342.713969543
10.2293302764 -343.79383456
9.7073955182 -344.945690578
9.1755130036 -346.108310001
9.17551299999 -346.10831
8.511513 -347.32231
8.511513 -347.32231
7.78251300001 -348.63431
7.78251300001 -348.63431
7.05151300004 -349.94331
7.05151300004 -349.94331
6.98151300004 -350.06931
6.25351300003 -351.38031
6.25351300003 -351.38031
5.522513 -352.68931
5.522513 -352.68931
5.50951300003 -352.71331
5.50951300003 -352.71331
4.78051300003 -354.02431
4.78051300003 -354.02431
4.136513 -355.18231
4.136513 -355.18231
3.69951300003 -355.96831
3.69951300003 -355.96831
2.97051300004 -357.27931
2.97051300004 -357.27931
2.441513 -358.23231
2.441513 -358.23231
2.00351300003 -359.02031
2.00351300003 -359.02031
1.27451300004 -360.33131
1.27451300004 -360.33131
0.746512999991 -361.28231
0.746512999991 -361.28231
0.511513000005 -361.72531
0.511512995232 -361.72531001
-0.21723890258 -363.01768158
-0.957396382641 -364.302271006
-1.75829627039 -365.73984131
-2.39721640514 -366.893947047
-3.03388682147 -368.072799691
-3.80104092712 -369.521618588
-4.51645150094 -370.815206889
-5.24086094962 -372.113294628
-5.98776758637 -373.373137147
-6.75267197331 -374.632979667
-7.43658648396 -375.928817688
-8.12050099461 -377.33264221
-9.11037726019 -379.078423987
-9.65030976862 -379.987310376
-10.1722445267 -380.896196766
-10.7031781601 -381.841078655
-11.216114043 -382.767962795
-11.6840555504 -383.649852558
-12.1879925582 -384.567737822
-13.2138643243 -386.412507227
-14.0597585874 -387.9063205
-14.9236506009 -389.427130399
-15.5625707359 -390.596984167
-16.2374863716 -391.77583681
-16.9214008822 -393.08967258
-17.6483867259 -394.402789105
-17.6483867258 -394.402789106
-17.973487 -394.99131
-18.544487 -396.02631
-18.544487 -396.02731
-18.800487 -396.48831
-19.057487 -396.95331
-19.785487 -398.26431
-20.168487 -398.95431
-20.341487 -399.26731
-20.464487 -399.48931
-20.637487 -399.80131
-21.365487 -401.11231
-21.573487 -401.48731
-21.663487 -401.65031
-21.870487 -402.02431
-21.907487 -402.09131
-22.151487 -402.53231
-22.880487 -403.84331
-22.898487 -403.87631
-23.178487 -404.38231
-23.281487 -404.56831
-23.479487 -404.92531
-23.582487 -405.11031
-24.310487 -406.42131
-24.692487 -407.11031
-24.995487 -407.65931
-25.724487 -408.97031
-25.994487 -409.45731
-26.263487 -409.94431
-26.299487 -410.00831
-26.567487 -410.49331
-27.296487 -411.80431
-27.721487 -412.57131
-27.743487 -412.61131
-27.744487 -412.61331
-28.124487 -413.27031
-28.124487002 -413.270309996
-28.9034031321 -414.763463357
-29.765045427 -416.327017914
-30.6311871591 -417.823080904
-31.4388362031 -419.29664671
-32.2172389029 -420.698221513
-32.5569464394 -421.305645586
-32.802165787 -421.739841311
-33.2858553258 -422.605983044
-33.9787687114 -423.906320499
-34.7684200051 -425.271899804
-35.5625707362 -426.713969543
-36.3522220298 -428.115544348
-37.1261252919 -429.555364371
-37.9180263043 -431.049177644
-38.727925067 -432.453002166
-39.5064869997 -433.86531
-39.506487 -433.86531
-39.625487 -434.08131
-39.870487 -434.52831
-40.114487 -434.97031
-40.198487 -435.12031
-40.922487 -436.40331
-41.148487 -436.80231
-41.160487 -436.82431
-41.475487 -437.38231
-41.686487 -437.75531
-42.059487 -438.41631
-42.417487 -439.05031
-42.696487 -439.54531
-42.987487 -440.06031
-42.987487 -440.06031
-43.102487 -440.26831
-43.102487 -440.26831
-43.831487 -441.57931
-43.831487 -441.57931
-44.002487 -441.88931
-44.002487 -441.88931
-44.117487 -442.09631
-44.117487 -442.09631
-44.307487 -442.44131
-44.307487 -442.44131
-44.377487 -442.56731
-44.377487 -442.56731
-44.556487 -442.88931
-44.556487 -442.88931
-45.285487 -444.20031
-45.285487 -444.20031
-45.549487 -444.67531
-45.549487 -444.67531
-45.693487 -444.93431
-45.693487 -444.93431
-45.972487 -445.43631
-45.972487 -445.43631
-46.701487 -446.74731
-46.701487 -446.74731
-46.866487 -447.04431
-46.866487 -447.04431
-47.146487 -447.54831
-47.146487 -447.54831
-47.276487 -447.78131
-47.276487 -447.78131
-47.568487 -448.30631
-47.568487 -448.30631
-48.297487 -449.61731
-48.297487 -449.61731
-48.458487 -449.90731
-48.458487 -449.90731
-48.629487 -450.21531
-48.629487 -450.21531
-48.948487 -450.78731
-48.948487 -450.78731
-49.677487 -452.09831
-49.677487 -452.09831
-49.807487 -452.33331
-49.807487 -452.33331
-50.119487 -452.89431
-50.119487 -452.89431
-50.139487 -452.93031
-50.139487 -452.93031
-50.868487 -454.24131
-50.868487 -454.24131
-51.318487 -455.05131
-51.318487 -455.05131
-51.340487 -455.09031
-51.340487 -455.09031
-51.754487 -455.83431
-51.754487 -455.83431
-51.777487 -455.87631
-51.777487 -455.87631
-52.506487 -457.18731
-52.506487 -457.18731
-52.738487 -457.60431
-52.738487 -457.60431
-52.759487 -457.64331
-52.759487 -457.64331
-52.994487 -458.06431
-52.994487 -458.06431
-53.013487 -458.09831
-53.013487 -458.09831
-53.426487 -458.84731
-53.426487 -458.84731
-53.869487 -459.64331
-53.869487 -459.64331
-53.874487 -459.65231
-53.874487 -459.65231
-54.599487 -460.96531
-54.599487 -460.96531
-55.108487 -461.88031
-55.108487 -461.88031
-55.234487 -462.10731
-55.234487 -462.10731
-55.373487 -462.35631
-55.373487 -462.35631
-55.419487 -462.43831
-55.419487 -462.43831
-56.144487 -463.75131
-56.144487 -463.75131
-56.408487 -464.22831
-56.408487 -464.22831
-56.628487 -464.62431
-56.628487 -464.62431
-56.691487 -464.73831
-56.691487 -464.73831
-56.956487 -465.21531
-56.956487 -465.21531
-57.681487 -466.52831
-57.681487 -466.52831
-57.953487 -467.01931
-57.953487 -467.01931
-57.963487 -467.03831
-57.963487 -467.03831
-58.451487 -467.91831
-58.451487 -467.91831
-59.176487 -469.23131
-59.176487 -469.23131
-59.254487 -469.37031
-59.254487 -469.37031
-59.678487 -470.13531
-59.678487 -470.13531
-59.729487 -470.22731
-59.729487 -470.22731
-59.892487 -470.52231
-59.892487 -470.52231
-60.621487 -471.83331
-60.621487 -471.83331
-60.937487 -472.40231
-60.937487 -472.40231
-61.302487 -473.06031
-61.302487 -473.06031
-61.437487 -473.30431
-61.437487 -473.30431
-62.166487 -474.61531
-62.166487 -474.61531
-62.638487 -475.46731
-62.638487 -475.46731
-62.765487 -475.69631
-62.765487 -475.69631
-63.494487 -477.00731
-63.494487 -477.00731
-63.799487 -477.55631
-63.799487 -477.55631
-63.866487 -477.67731
-63.866487 -477.67731
-64.165487 -478.21731
-64.165487 -478.21731
-64.339487 -478.53131
-64.339487 -478.53131
-65.068487 -479.84231
-65.068487 -479.84231
-65.199487 -480.07831
-65.199487 -480.07831
-65.565487 -480.73831
-65.565487 -480.73831
-65.702487 -480.98431
-65.702487 -480.98431
-65.788487 -481.14031
-65.788487 -481.14031
-66.517487 -482.45031
-66.517487 -482.45031
-66.776487 -482.91731
-66.776487 -482.91731
-66.920487 -483.17731
-66.920487 -483.17731
-67.234487 -483.74131
-67.234487 -483.74131
-67.255487 -483.77831
-67.781487 -484.72431
-67.802487 -484.76231
-67.984487 -485.08931
-68.135487 -485.36031
-68.317487 -485.68831
-68.317487 -485.68831
-68.430487 -485.89231
-68.430487 -485.89231
-68.722487 -486.41831
-68.722487 -486.41831
-69.269487 -487.40131
-69.436487 -487.70131
-69.451487 -487.72931
-69.539487 -487.88631
-69.618487 -488.02931
-69.721487 -488.21431
-69.721487 -488.21431
-70.037487 -488.78331
-70.037487 -488.78331
-70.096487 -488.89031
-70.096487 -488.89031
-70.649487 -489.88331
-70.825487 -490.20031
-70.859487 -490.26031
-71.035487 -490.57831
-71.174487 -490.82931
-71.351487 -491.14731
-71.351487 -491.14731
-71.352487 -491.14931
-71.352487 -491.14931
-71.820487 -491.99131
-71.910487 -492.15331
-72.378487 -492.99531
-72.379487 -492.99631
-72.549487 -493.30131
-72.550487 -493.30231
-72.550487 -493.30231
-72.813487 -493.77631
-72.813487 -493.77631
-73.077487 -494.25131
-73.077487 -494.25131
-73.631487 -495.25031
-73.631487 -495.25031
-74.071487 -496.04231
-74.071487 -496.04231
-74.640487 -497.06731
-74.799487 -497.35431
-75.148487 -497.98331
-75.307487 -498.26931
-75.307487 -498.26931
-75.746487 -499.05931
-75.746487 -499.05931
-76.369487 -500.19331
-76.369487 -500.19331
-76.624487 -500.65231
-76.624487 -500.65231
-76.879487 -501.11031
-76.879487 -501.11031
-77.410487 -502.07731
-77.601487 -502.42531
-77.666487 -502.54131
-77.858487 -502.88831
-77.858487 -502.88831
-78.058487 -503.24831
-78.058487 -503.24831
-78.437487 -503.93331
-78.437487 -503.93331
-79.019487 -504.99731
-79.019487 -504.99731
-79.214487 -505.34931
-79.214487 -505.34931
-79.586487 -506.02131
-79.586487 -506.02131
-80.162487 -507.07431
-80.306487 -507.33631
-80.498487 -507.68331
-80.643487 -507.94531
-80.643487 -507.94531
-80.796487 -508.21431
-80.796487 -508.21431
-81.023487 -508.60831
-81.023487 -508.60931
-81.522487 -509.48531
-81.522487 -509.48531
-82.271487 -510.78531
-82.271487 -510.78531
-82.634487 -511.42431
-82.634487 -511.42431
-82.650487 -511.45231
-82.650487 -511.45231
-82.856487 -511.79031
-82.856487 -511.79031
-83.314487 -512.55031
-83.314487 -512.55031
-84.093487 -513.83131
-84.093487 -513.83131
-84.407487 -514.35131
-84.407487 -514.35131
-84.425487 -514.37831
-84.425487 -514.37831
-84.739487 -514.86631
-84.739487 -514.86631
-85.138487 -515.48631
-85.138487 -515.48631
-85.974487 -516.71231
-85.974487 -516.71231
-86.124487 -516.92731
-86.124487 -516.92731
-86.176487 -517.00131
-86.176487 -517.00131
-86.630487 -517.65431
-86.630487 -517.65431
-86.990487 -518.17031
-87.274487 -518.57531
-87.635487 -519.09131
-87.687487 -519.16431
-87.851487 -519.39831
-87.903487 -519.47031
-87.903487 -519.47031
-88.228487 -519.92131
-88.228487 -519.92131
-88.583487 -520.38931
-88.583487 -520.38931
-88.694487 -520.54231
-88.694487 -520.54231
-90.646487 -522.81931
-91.158487 -523.41631
-93.163487 -525.62631
-93.466487 -525.96031
-95.433487 -527.92231
-97.734487 -529.84931
-98.698487 -530.65731
-101.436487 -532.16131
-104.174487 -533.36231
-106.429487 -534.23731
