360957.38136880600 4065819.49604927000
360958.96147742500 4065819.39070332000
360963.10807278900 4065819.37646347000
360965.10127581100 4065819.36351567000
360967.74965096500 4065819.37968919000
360970.52170589200 4065819.36689927000
360974.34671945700 4065819.36895451000
360976.96158633300 4065819.34408617000
360979.35924064700 4065819.31756308000
360981.52253898100 4065819.31942429000
360983.57289426600 4065819.32373381000
360985.86362121400 4065819.32626439000
360988.49300435100 4065819.31221335000
360991.16523803000 4065819.29667755000
360993.16741341800 4065819.28240236000
360995.08640724200 4065819.27490421000
360998.20248447600 4065819.28646508000
360999.78580164200 4065819.27246523000
361001.40990048800 4065819.32020642000
361003.81163411100 4065819.28605671000
361006.17541523400 4065819.27731332000
361008.33312606000 4065819.28470806000
361010.63811932600 4065819.28028859000
361012.93154545600 4065819.26764297000
361015.11501840600 4065819.27068407000
361017.32871474400 4065819.26546272000
361019.48440223300 4065819.25628131000
361021.55939349700 4065819.21874178000
361023.68892343500 4065819.22932037000
361025.61268121000 4065819.21616088000
361028.07160905700 4065819.19489946000
361030.31389393800 4065819.18841115000
361032.68431113600 4065819.19573345000
361035.23024897600 4065819.14414788000
361036.62118733300 4065819.14806431000
361038.77687482200 4065819.13888289000
361040.85186608600 4065819.10134337000
361042.98139602400 4065819.11192196000
361044.90515379800 4065819.09876247000
361047.36408164500 4065819.07750105000
361049.60636652700 4065819.07101274000
361051.97678372400 4065819.07833503000
361054.52272156500 4065819.02674946000