361050.185 4065846.81458637000
361049.482 4065846.90676285000
361048.388 4065846.98663788000
361046.010 4065846.99882040000
361043.146 4065846.99416800000
361040.041 4065847.01326288000
361036.060 4065847.04320414000
361033.008 4065847.04993230000
361029.388 4065847.06506223000
361026.259 4065847.06480848000
361021.978 4065847.09377199000
361018.364 4065847.10453837000
361015.449 4065847.12808629000
361011.355 4065847.11363766000
361007.585 4065847.11815932000
361003.480 4065847.14165444000
360997.694 4065847.14116718000
360995.251 4065847.17342745000
360991.212 4065847.18638407000
360987.700 4065847.20074364000
360982.580 4065847.21548858000
360978.874 4065847.23285250000
360975.153 4065847.27694195000
360971.660 4065847.26339545000
360968.160 4065847.27152875000
360964.820 4065847.28049585000
360960.690 4065847.26700206000
360957.562 4065847.24370432000
360956.659 4065847.18432882000
360955.717 4065846.93480540000
360954.820 4065846.51829144000
360954.181 4065845.92315643000
360953.559 4065845.05625425000
360953.061 4065843.87818289000
360952.624 4065842.38778883000
360952.380 4065840.99410005000
360952.350 4065839.77464342000
360952.342 4065836.86098294000
360952.355 4065833.88260270000
360952.269 4065831.30594929000
360952.247 4065828.80914206000
360952.246 4065826.58629018000
360952.499 4065825.01418317000
360952.913 4065823.87206842000
360953.538 4065822.85407927000
360954.360 4065821.99338495000
360955.272 4065821.52276838000
360956.283 4065821.19692954000
360957.381 4065820.98309584000
360958.961 4065820.87774989000
360963.108 4065820.86351003000
360965.101 4065820.85056224000
360967.750 4065820.86673576000
360970.522 4065820.85394584000
360974.347 4065820.85600108000
360976.962 4065820.83113274000
360979.359 4065820.80460965000
360981.523 4065820.80647086000
360983.573 4065820.81078038000
360985.864 4065820.81331096000
360988.493 4065820.79925992000
360991.165 4065820.78372412000
360993.167 4065820.76944893000
360995.086 4065820.76195078000
360998.166 4065820.78238962000
360999.749 4065820.76838977000
361001.373 4065820.81613097000
361003.775 4065820.78198125000
361006.139 4065820.77323787000
361008.297 4065820.78063261000
361010.602 4065820.77621313000
361012.895 4065820.76356752000
361015.078 4065820.76660861000
361017.292 4065820.76138727000
361019.448 4065820.75220585000
361021.523 4065820.71466633000
361023.652 4065820.72524492000
361025.576 4065820.71208543000
361028.035 4065820.69082401000
361030.277 4065820.68433570000
361032.648 4065820.69165799000
361035.194 4065820.64007242000
361036.661 4065820.65766773000
361038.585 4065820.64450825000
361041.044 4065820.62324682000
361043.286 4065820.61675851000
361045.656 4065820.62408081000
361048.202 4065820.57249524000
361049.593 4065820.51543420000
361051.620 4065820.48532449000
361053.092 4065820.53866021000
361054.038 4065820.72921545000
361054.987 4065821.17557377000
361055.831 4065821.85620440000
361056.520 4065822.78806873000
361057.133 4065823.93873006000
361057.347 4065824.84797364000
361057.400 4065826.09065606000
361057.448 4065828.22389336000
361057.464 4065831.03573860000
361057.482 4065833.90032710000
361057.397 4065837.32041681000
361057.414 4065840.18500531000
361057.346 4065843.51158237000
361056.816 4065844.61283591000
361055.614 4065845.39778586000
361053.800 4065846.08796486000