360952.183854078 4065813.614986360
360952.183774501 4065810.734201830
360952.163596288 4065807.103979330
360952.183854078 4065813.614986360
360952.183774501 4065810.734201830
360952.163596288 4065807.103979330
360952.094373360 4065802.047338280
360952.097809861 4065799.147673340
360952.147803943 4065798.278030040
360952.290284667 4065797.584789560
360952.636309592 4065796.937718450
360953.218049097 4065796.177983190
360953.951744350 4065795.507430110
360954.931337323 4065794.977703290
360955.901264619 4065794.634379030
360955.901264619 4065794.634379030
361051.807782557 4065794.306536080
361052.757381300 4065794.752894410
361053.600548824 4065795.433525030
361054.290200814 4065796.365389360
361055.170149322 4065799.667976700
361055.225983786 4065810.727233540
361055.210963231 4065824.362963240
361055.235833917 4065827.702145920
361055.245516082 4065830.497775540
361055.257433720 4065833.334850010
361055.263437792 4065835.466292250
361055.277698522 4065838.343259250
361055.272550944 4065840.657302200
361055.210963231 4065824.362963240
361055.235833917 4065827.702145920
361055.245516082 4065830.497775540
361055.257433720 4065833.334850010
361055.263437792 4065835.466292250
361055.277698522 4065838.343259250
361055.272550944 4065840.657302200
361054.773362927 4065843.555257600
361054.156608722 4065845.004031720
361053.083310855 4065846.044617910
361051.720306716 4065846.586284200
361048.388058942 4065846.986637880
361046.010056641 4065846.998820400
361043.145665070 4065846.994168000
361040.041020538 4065847.013262880
361036.060120455 4065847.043204140
361033.007979530 4065847.049932300
361029.388233258 4065847.065062230
361026.259063649 4065847.064808480
361021.978241946 4065847.093771990
361018.364404604 4065847.104538370
361015.449279645 4065847.128086290
361011.355268142 4065847.113637660
361007.585034519 4065847.118159320
361003.479894723 4065847.141654440
360997.694354511 4065847.141167180
360995.250776484 4065847.173427450
360991.211638844 4065847.186384070
360987.699809569 4065847.200743640
360982.580139666 4065847.215488580
360978.874476077 4065847.232852500
360975.152789863 4065847.276941950
360971.659738576 4065847.263395450
360968.160029655 4065847.271528750
360964.820103973 4065847.280495850
360960.690420181 4065847.267002060
360957.561878495 4065847.243704320
360955.716594144 4065846.934805400
360954.819964402 4065846.518291440
360954.181132919 4065845.923156430
360953.559009308 4065845.056254250
360952.623593344 4065842.387788830
360952.379527521 4065840.994100050
360952.349940855 4065839.774643420
360952.342397914 4065836.860982940
360952.355350758 4065833.882602700
360952.268587885 4065831.305949290
360952.247168451 4065828.809142060
360952.246279431 4065826.586290180
