-94.707487 -546.63331
-94.2760621226 -545.551348704
-93.882487 -544.56431
-93.3379576481 -543.171600756
-92.774487 -541.78931
-92.1473368484 -540.450234836
-91.486487 -539.08131
-90.8529548259 -537.735628095
-90.203487 -536.38231
-89.937487 -535.83831
-89.2889098821 -534.499673038
-88.631487 -533.15731
-87.9945278597 -531.821021353
-87.325487 -530.47731
-87.100487 -530.05131
-86.4125053878 -528.74686405
-85.702487 -527.41731
-84.9922806687 -526.122144949
-84.303487 -524.78431
-83.8237413429 -523.94686405
-83.307487 -522.92131
-82.6192469609 -521.609785398
-81.898487 -520.28631
-81.786487 -520.08531
-81.0731795451 -518.76933596
-80.339487 -517.47531
-79.6169997699 -516.180571914
-78.892487 -514.86631
-78.892487 -514.86631
-78.487487 -514.19731
-78.487487 -514.19731
-78.472487 -514.16931
-78.472487 -514.16931
-78.092487 -513.52131
-78.092487 -513.52131
-77.462487 -512.43831
-77.462487 -512.43831
-76.964487 -511.58431
-76.964487 -511.58431
-76.553487 -510.80831
-76.553487 -510.80831
-76.049487 -509.92231
-76.049487 -509.92231
-75.322487 -508.61031
-75.322487 -508.61031
-74.939487 -507.94931
-74.939487 -507.94931
-74.728487 -507.58331
-74.728487 -507.58331
-74.697487 -507.52631
-74.697487 -507.52631
-74.242487 -506.70431
-74.242487 -506.70431
-73.867487 -506.02131
-73.867487 -506.02131
-73.680487 -505.66931
-73.680487 -505.66931
-73.417487 -505.20531
-73.417487 -505.20531
-72.783487 -504.06531
-72.783487 -504.06531
-72.523487 -503.61531
-72.523487 -503.61531
-72.272487 -503.14231
-72.272487 -503.14231
-71.809487 -502.31631
-71.809487 -502.31631
-71.368487 -501.53731
-71.368487 -501.53731
-70.719487 -500.39531
-70.627487 -500.23331
-70.207487 -499.48231
-70.116487 -499.31931
-70.116487 -499.31931
-69.863487 -498.86231
-69.423487 -498.07131
-69.423487 -498.07131
-69.216487 -497.65931
-69.103487 -497.43531
-69.103487 -497.43531
-68.835487 -496.96831
-68.835487 -496.96831
-68.443487 -496.26231
-68.443487 -496.26231
-68.178487 -495.77531
-68.178487 -495.77531
-67.714487 -494.93331
-67.714487 -494.93331
-66.991487 -493.61931
-66.991487 -493.61931
-66.682487 -493.05931
-66.682487 -493.05931
-66.466487 -492.66731
-66.466487 -492.66731
-66.012487 -491.84331
-66.012487 -491.84331
-65.646487 -491.17431
-65.646487 -491.17431
-65.369487 -490.68331
-65.096487 -490.19131
-64.823487 -489.70031
-64.641487 -489.37231
-64.535487 -489.17731
-64.355487 -488.84731
-64.355487 -488.84731
-64.243487 -488.64031
-64.243487 -488.64031
-63.888487 -488.00231
-63.696487 -487.65631
-63.341487 -487.01931
-63.159487 -486.69131
-63.159487 -486.69131
-62.848487 -486.13531
-62.848487 -486.13531
-62.503487 -485.51431
-62.503487 -485.51431
-62.099487 -484.78531
-62.099487 -484.78531
-61.877487 -484.38131
-61.877487 -484.38131
-61.332487 -483.39731
-61.151487 -483.06931
-60.965487 -482.74031
-60.781487 -482.41431
-60.781487 -482.41431
-60.476487 -481.86331
-60.476487 -481.86331
-59.749487 -480.55131
-59.749487 -480.55131
-59.452487 -480.01231
-59.452487 -480.01231
-59.077487 -479.34031
-59.077487 -479.34031
-58.350487 -478.02831
-58.350487 -478.02831
-57.753487 -476.94331
-57.753487 -476.94331
-57.027487 -475.63131
-57.027487 -475.63131
-56.528487 -474.73131
-56.528487 -474.73131
-56.211487 -474.16631
-56.211487 -474.16631
-55.484487 -472.85431
-55.484487 -472.85431
-54.893487 -471.79231
-54.893487 -471.79231
-54.884487 -471.77831
-54.884487 -471.77831
-54.325487 -470.75731
-54.325487 -470.75731
-53.598487 -469.44531
-53.598487 -469.44531
-53.307487 -468.93431
-53.307487 -468.93431
-53.056487 -468.45531
-53.056487 -468.45531
-52.329487 -467.14331
-52.329487 -467.14331
-52.035487 -466.63031
-52.035487 -466.63031
-51.721487 -466.07631
-51.721487 -466.07631
-50.994487 -464.76431
-50.994487 -464.76431
-50.743487 -464.28231
-50.743487 -464.28231
-50.221487 -463.37131
-50.221487 -463.37131
-49.494487 -462.05931
-49.494487 -462.05931
-49.042487 -461.22031
-49.042487 -461.22031
-48.788487 -460.76731
-48.788487 -460.76731
-48.061487 -459.45531
-48.061487 -459.45531
-47.830487 -459.03431
-47.830487 -459.03431
-47.363487 -458.20631
-47.363487 -458.20631
-46.636487 -456.89431
-46.636487 -456.89431
-46.175487 -456.05231
-46.175487 -456.05231
-45.869487 -455.48331
-45.869487 -455.48331
-45.142487 -454.17131
-45.142487 -454.17131
-44.681487 -453.36731
-44.681487 -453.36731
-44.514487 -453.04931
-44.514487 -453.04931
-44.352487 -452.76431
-44.352487 -452.76431
-43.626487 -451.45231
-43.626487 -451.45231
-43.337487 -450.93331
-43.337487 -450.93331
-42.922487 -450.18631
-42.922487 -450.18631
-42.195487 -448.87431
-42.195487 -448.87431
-42.025487 -448.57931
-42.025487 -448.57931
-41.615487 -447.81831
-41.615487 -447.81831
-40.914487 -446.55131
-40.914487 -446.55131
-40.645487 -446.08631
-40.645487 -446.08631
-40.460487 -445.75731
-40.460487 -445.75731
-40.207487 -445.29031
-40.207487 -445.29031
-39.614487 -444.20531
-39.614487 -444.20531
-39.323487 -443.68631
-39.323487 -443.68631
-39.208487 -443.47531
-39.208487 -443.47531
-38.937487 -442.96531
-38.937487 -442.96531
-38.392487 -442.01331
-38.392487 -442.01331
-38.109487 -441.51431
-38.109487 -441.51431
-37.887487 -441.13331
-37.887487 -441.13331
-37.279487 -440.07131
-37.279487 -440.07131
-36.962487 -439.50331
-36.962487 -439.50331
-36.754487 -439.11431
-36.754487 -439.11431
-36.310487 -438.41231
-36.310487 -438.41231
-35.985487 -437.84331
-35.985487 -437.84331
-35.665487 -437.26231
-35.432487 -436.83931
-35.357487 -436.70231
-34.9933918827 -436.033429608
-34.624438002 -435.385510598
-34.2734818715 -434.755589338
-33.922525741 -434.125668078
-33.5625707354 -433.468750193
-33.2026157298 -432.811832308
-32.833661849 -432.172912173
-32.4705882324 -431.525980313
-32.4705882309 -431.525980307
-32.3991081773 -431.353685426
-32.3306144939 -431.18018171
-32.2651276127 -431.005520917
-32.2026670695 -430.829755151
-32.1432514967 -430.652936843
-32.0868986186 -430.475118741
-32.0336252459 -430.296353891
-31.9834472705 -430.116695618
-31.9363796612 -429.936197517
-31.8924364586 -429.754913433
-31.8516307715 -429.572897445
-31.8139747726 -429.390203849
-31.7794796951 -429.206887146
-31.7481558293 -429.02300202
-31.7200125193 -428.838603326
-31.6950581606 -428.653746073
-31.6733001975 -428.468485405
-31.6547451204 -428.282876587
-31.6393984645 -428.096974988
-31.627264808 -427.910836066
-31.6183477704 -427.724515346
-31.6126500118 -427.53806841
-31.6101732319 -427.351550878
-31.6109181695 -427.16501839
-31.6148846023 -426.97852659
-31.6220713473 -426.792131111
-31.6324762604 -426.605887555
-31.6460962378 -426.419851482
-31.6629272166 -426.234078389
-31.6829641758 -426.048623692
-31.7062011382 -425.863542716
-31.732631172 -425.678890672
-31.7622463928 -425.494722643
-31.7950379662 -425.311093569
-31.83099611 -425.128058228
-31.8701100976 -424.945671221
-31.9123682608 -424.763986957
-31.9577579937 -424.583059634
-32.0062657559 -424.402943224
-32.0578770771 -424.223691458
-32.1125765611 -424.045357808
-32.1703478905 -423.867995474
-32.2311738316 -423.691657364
-32.2950362391 -423.516396082
-32.3619160625 -423.34226391
-32.4317933507 -423.169312793
-32.5046472586 -422.997594325
-32.580456053 -422.827159731
-32.6591971196 -422.658059854
-32.740846969 -422.490345137
-32.8253812441 -422.324065612
-32.9127747276 -422.159270881
-33.003001349 -421.996010105
-33.0960341929 -421.834331986
-33.1918455065 -421.674284755
-33.2904067084 -421.515916154
-33.3916883967 -421.359273428
-33.495660358 -421.204403304
-33.6022915764 -421.051351981
-33.7115502427 -420.900165116
-33.823403764 -420.750887811
-33.9378187731 -420.603564595
-34.0547611389 -420.458239418
-34.1741959762 -420.31495563
-34.2960876564 -420.173755975
-34.4203998179 -420.034682575
-34.5470953772 -419.897776917
-34.6761365396 -419.763079839
-34.8074848108 -419.630631526
-34.9411010082 -419.500471486
-35.0769452728 -419.372638548
-35.2149770808 -419.247170847
-35.3551552558 -419.12410581
-35.4974379813 -419.003480149
-35.6417828129 -418.885329847
-35.7881466909 -418.76969015
-35.9364859536 -418.656595556
-36.0867563497 -418.5460798
-36.2389130521 -418.438175852
-36.3929106708 -418.3329159
-36.5487032667 -418.230331344
-36.7062443654 -418.130452785
-36.8654869704 -418.03331002
-39.0972080348 -420.768968043
-39.3372080348 -420.632968043
-39.5592080348 -420.507968043
-40.9402080348 -419.727968043
-41.0652080348 -419.656968043
-41.5812080348 -419.368968043
-42.1952080348 -419.025968043
-43.2412080349 -418.442968043
-43.2412080349 -418.442968043
-43.4952080348 -418.303968043
-43.4952080348 -418.303968043
-44.8102080348 -417.582968043
-44.8102080348 -417.582968043
-46.1232080348 -416.857968043
-46.1232080348 -416.857968043
-46.7812080348 -416.496968043
-47.4392080348 -416.136968043
-48.0962080348 -415.773968043
-48.7522080349 -415.410968043
-48.7522080349 -415.410968043
-49.4092080349 -415.050968043
-50.0672080349 -414.690968043
-50.7252080349 -414.326968043
-51.3802080348 -413.964968043
-51.3802080348 -413.964968043
-52.0882080348 -413.579968043
-52.0882080348 -413.579968043
-53.4012080348 -412.853968043
-53.4012080348 -412.853968043
-54.7182080348 -412.136968043
-54.7182080348 -412.136968043
-56.0312080348 -411.410968043
-56.0312080348 -411.410968043
-57.3482080348 -410.693968043
-57.3482080348 -410.693968043
-57.9272080348 -410.372968043
-57.9272080348 -410.372968043
-58.5862080348 -410.007968043
-59.2392080348 -409.644968043
-59.8972080348 -409.285968043
-60.5562080349 -408.926968043
-60.5562080349 -408.926968043
-60.6312080348 -408.884968043
-60.6312080348 -408.884968043
-61.4152080349 -408.422968043
-61.4152080349 -408.422968043
-62.1842080348 -407.968968043
-62.1842080348 -407.968968043
-62.5162080348 -407.766968043
-62.5162080348 -407.766968043
-63.0832080349 -407.406968043
-63.0832080349 -407.406968043
-63.5262080348 -407.123968043
-63.5262080348 -407.123968043
-63.9462080348 -406.810968043
-63.9462080348 -406.810968043
-64.4702080349 -406.413968043
-64.4702080349 -406.413968043
-64.8642080348 -406.097968043
-64.8642080348 -406.097968043
-65.2632080349 -405.749968043
-65.2632080349 -405.749968043
-65.7052080348 -405.319968043
-65.7052080348 -405.319968043
-66.0972080348 -404.907968043
-66.0972080348 -404.907968043
-66.6412080348 -404.317968043
-66.6412080348 -404.317968043
-66.9472080349 -403.962968043
-66.9472080349 -403.962968043
-67.3782080348 -403.418968043
-67.3782080348 -403.418968043
-67.6012080348 -403.090968043
-67.6012080348 -403.090968043
-67.9262080349 -402.590968043
-67.9262080349 -402.590968043
-68.1752080348 -402.193968043
-68.1752080348 -402.193968043
-68.4042080349 -401.728968043
-68.4042080349 -401.728968043
-68.6282080348 -401.301968043
-68.6282080348 -401.301968043
-68.8552080349 -400.782968043
-68.8552080349 -400.782968043
-69.0522080348 -400.275968043
-69.0522080348 -400.275968043
-69.2362080349 -399.667968043
-69.2362080349 -399.667968043
-69.3792080348 -399.092968043
-69.3792080348 -399.092968043
-69.5132080349 -398.409968043
-69.5132080349 -398.409968043
-69.5762080348 -397.832968043
-69.5762080348 -397.832968043
-69.6202080348 -397.066968043
-69.6202080348 -397.066968043
-69.6282080348 -396.577968043
-69.6282080348 -396.577968043
-69.6372080349 -396.080968043
-69.6372080349 -396.080968043
-69.6142080348 -395.543968043
-69.6142080348 -395.543968043
-69.5732080349 -395.114968043
-69.5732080349 -395.114968043
-69.5242080349 -394.739968043
-69.5242080349 -394.739968043
-69.4452080348 -394.143968043
-69.4452080348 -394.143968043
-69.3012080349 -393.569968043
-69.3012080349 -393.569968043
-69.1452080348 -392.877968043
-69.1452080348 -392.877968043
-68.9222080348 -392.221968043
-68.9222080348 -392.221968043
-68.6722080348 -391.428968043
-68.6722080348 -391.428968043
-68.4752080349 -390.918968043
-68.4752080349 -390.918968043
-68.2832080348 -390.436968043
-68.2832080348 -390.436968043
-68.0492080348 -389.912968043
-68.0492080348 -389.912968043
-67.8502080349 -389.447968043
-67.8502080349 -389.447968043
-67.6392080348 -389.030968043
-67.6392080348 -389.030968043
-67.2892080348 -388.306968043
-67.2892080348 -388.306968043
-67.0412080348 -387.814968043
-67.0412080348 -387.814968043
-66.5012080348 -386.788968043
-66.5012080348 -386.788968043
-66.2582080349 -386.307968043
-66.2582080349 -386.307968043
-66.1632080348 -386.132968043
-66.1632080348 -386.132968043
-65.8032080348 -385.474968043
-65.4422080349 -384.816968043
-65.0782080349 -384.158968043
-64.7162080348 -383.504968043
-64.7162080348 -383.504968043
-64.3552080349 -382.846968043
-63.9952080348 -382.188968043
-63.6312080348 -381.530968043
-63.2692080348 -380.876968043
-63.2692080348 -380.876968043
-62.9082080348 -380.218968043
-62.5482080348 -379.560968043
-62.1842080348 -378.902968043
-61.8212080348 -378.248968043
-61.8212080348 -378.248968043
-61.5092080348 -377.686968043
-61.5092080348 -377.686968043
-60.7822080348 -376.374968043
-60.7822080348 -376.374968043
-60.4182080348 -375.718968043
-60.0542080348 -375.063968043
-60.0542080348 -375.063968043
-59.4212080349 -373.913968043
-58.8942080348 -372.948968043
-58.7499027026 -372.683944818
-58.6022080348 -372.412968043
-56.3704869953 -369.677309994
-55.1743970178 -367.879665453
-55.1743970112 -367.879665455
-53.7663970112 -365.435665456
-53.4833970112 -364.944665455
-52.6833970112 -363.430665455
-52.1653970112 -362.527665455
-51.7523970112 -361.914665455
-51.7033970112 -361.842665455
-51.4443970112 -361.445665455
-50.8653970112 -360.870665455
-50.4083970112 -360.505665455
-49.9053970112 -360.247665456
-49.5193970112 -360.125665456
-49.2213970112 -360.059665455
-49.1593970112 -360.054665456
-48.5923970112 -360.008665456
-47.5733970112 -360.043665456
-46.3933970112 -360.267665456
-45.1833970112 -360.573665455
-44.8963970112 -360.679665456
-43.9143970112 -361.042665455
-42.2723970112 -361.792665455
-41.5073970112 -362.209665455
-41.5073970103 -362.209665457
-39.5568976518 -363.255936614
-39.5568976493 -363.255936613
-38.847487 -363.63931
-38.454487 -363.86131
-37.142487 -364.58731
-35.962487 -365.23531
-34.909487 -365.82931
-33.597487 -366.55631
-32.647487 -367.09131
-32.290487 -367.29231
-31.337487 -367.82031
-30.977487 -368.01931
-29.874487 -368.62231
-28.562487 -369.34931
-27.829487 -369.75531
-26.516487 -370.48231
-25.490487 -371.05031
-25.396487 -371.10431
-24.084487 -371.83131
-23.805487 -371.97931
-23.8054870006 -371.979309997
-22.0582316425 -372.952499969
-20.3109762785 -373.925689913
-18.5637209066 -374.898879884
-16.8164655602 -375.872069851
-15.0692102346 -376.845259823
-13.3219548367 -377.818449775
-11.5746994902 -378.791639739
-9.82744413207 -379.764829704
-8.0801887486 -380.738019655
-6.33293338463 -381.711209604
-4.58567803726 -382.684399589
-2.83842267265 -383.657589552
-1.0911673081 -384.630779498
0.656088056508 -385.603969462
2.40334341559 -386.577159425
4.15059878456 -387.550349393
5.89785412984 -388.523539349
7.64510949439 -389.49672931
8.25615485682 -389.837070634
8.25615485798 -389.837070625
9.696513 -390.63131
11.015513 -391.34731
12.127513 -391.96731
12.182513 -391.99731
13.202513 -392.55831
13.497513 -392.72031
14.515513 -393.28331
14.809513 -393.44631
15.861513 -394.02431
16.124513 -394.16831
17.174513 -394.74931
17.436513 -394.89531
17.532513 -394.94731
18.844513 -395.67431
20.155513 -396.40231
21.033513 -396.88831
22.161513 -397.51531
22.908513 -397.92431
22.9085130112 -397.92430999
23.1464555812 -398.074023772
23.3869587044 -398.219588642
23.6299500451 -398.360960816
23.8753565195 -398.498097776
24.1231043173 -398.630958274
24.3731189241 -398.759502352
24.6253251436 -398.883691345
24.8796471204 -399.003487904
25.1360083628 -399.118855997
25.3943317655 -399.229760925
25.6545396334 -399.33616933
25.9165537044 -399.438049211
26.1802951731 -399.535369923
26.4456847149 -399.628102196
26.712642509 -399.71621814
26.9810882634 -399.799691251
27.2509412382 -399.878496425
27.5221202706 -399.952609958
27.7945437986 -400.02200956
28.0681298861 -400.086674358
28.3427962474 -400.146584902
28.6184602718 -400.201723174
28.8950390485 -400.25207259
29.1724493915 -400.297618006
29.450607865 -400.338345724
29.7294308079 -400.374243495
30.0088343593 -400.40530052
30.2887344838 -400.431507459
30.5690469965 -400.452856431
30.8496875885 -400.469341014
31.1305718524 -400.48095625
31.4116153072 -400.487698645
31.6927334242 -400.489566172
31.9738416523 -400.48655827
32.2548554432 -400.478675841
32.5356902772 -400.465921259
32.8162616883 -400.448298357
33.0964852897 -400.425812438
33.3762767994 -400.398470264
33.6555520652 -400.366280058
33.93422709 -400.329251503
34.2122180577 -400.287395735
34.4894413574 -400.240725344
34.7658136095 -400.189254365
35.0412516904 -400.132998281
35.3156727569 -400.071974011
35.5889942725 -400.006199908
35.8611340307 -399.935695757
36.1320101808 -399.860482762
36.4015412522 -399.780583544
36.6696461785 -399.696022135
36.9362443226 -399.606823969
37.2012555005 -399.513015872
37.4646000055 -399.414626061
37.726198632 -399.311684126
37.9859726997 -399.204221029
38.243844077 -399.092269092
38.4997352048 -398.975861987
38.7535691191 -398.855034725
39.0052694751 -398.729823647
39.2547605695 -398.600266411
39.5019673634 -398.466401986
39.7468155051 -398.328270632
39.9892313524 -398.185913896
40.2291419944 -398.039374593
40.4664752737 -397.888696798
40.7011598083 -397.73392583
40.9331250127 -397.575108238
41.1623011193 -397.412291791
41.3886191994 -397.245525457
41.6120111839 -397.074859396
41.8324098838 -396.900344937
42.0497490103 -396.722034568
42.2639631949 -396.539981921
42.4749880089 -396.354241749
42.682759983 -396.164869919
42.8872166261 -395.971923386
43.0882964443 -395.775460183
43.2859389593 -395.5755394
43.4800847267 -395.372221166
43.6706753538 -395.165566632
43.8576535172 -394.955637954
44.0409629798 -394.742498272
44.2205486083 -394.52621169
44.396356389 -394.306843261
44.5683334447 -394.084458963
44.7364280503 -393.859125684
44.736428052 -393.859125686
45.454513 -392.56931
45.820513 -391.91431
46.186513 -391.26031
46.916513 -389.94931
47.648513 -388.64031
48.377513 -387.32931
48.751513 -386.66131
49.115513 -386.00631
49.480513 -385.35031
49.846513 -384.69631
50.212513 -384.04131
50.264513 -383.94831
50.626513 -383.29431
50.989513 -382.63531
51.356513 -381.98131
51.722513 -381.32631
52.039513 -380.75131
52.447513 -380.01331
52.769513 -379.43931
53.090513 -378.86431
53.537513 -378.06931
54.262513 -376.75731
54.570513 -376.18231
54.823513 -375.66831
55.228513 -374.88331
55.471513 -374.36031
55.779513 -373.74631
55.979513 -373.25631
56.209513 -372.69831
56.542513 -371.83831
56.770513 -371.13131
57.013513 -370.39731
57.171513 -369.73031
57.331513 -369.04531
57.438513 -368.35931
57.504513 -367.76431
57.581513 -367.08331
57.639513 -366.27231
57.647513 -365.79631
57.642513 -365.32231
57.634513 -364.57731
57.619513 -364.19431
57.569513 -363.72531
57.488513 -362.99131
57.389513 -362.45731
57.247513 -361.92531
57.087513 -361.17431
56.888513 -360.58131
56.664513 -359.96231
56.426513 -359.38931
56.226513 -358.94731
55.961513 -358.44331
55.666513 -357.94631
55.395513 -357.50131
55.154513 -357.11831
54.842513 -356.67831
54.509513 -356.23531
54.159513 -355.83131
53.815513 -355.39131
53.446513 -354.99331
53.063513 -354.56931
52.693513 -354.21431
52.352513 -353.87331
51.974513 -353.53531
51.615513 -353.23231
51.234513 -352.92831
50.860513 -352.65631
50.472513 -352.37831
50.144513 -352.13331
49.584513 -351.74531
49.204513 -351.49631
48.776513 -351.23031
48.171513 -350.86331
47.336513 -350.38631
46.613513 -349.96531
46.580513 -349.94731
45.266513 -349.22431
43.957513 -348.49131
43.832513 -348.42231
42.523513 -347.68931
41.207513 -346.97031
41.169513 -346.94931
39.861513 -346.21631
38.551513 -345.48531
38.120513 -345.24531
36.812513 -344.51231
36.155513 -344.15031
35.498513 -343.78831
34.189513 -343.05531
33.532513 -342.69431
33.432513 -342.63931
32.875513 -342.33231
32.669513 -342.22031
32.6695130104 -342.220310002
32.4058797768 -342.057008811
32.1394586014 -341.898296751
31.8703293602 -341.744221405
31.598572741 -341.594828966
31.3242702194 -341.450164225
31.0475040342 -341.310270553
30.7683571631 -341.175189891
30.4869132972 -341.044962739
30.2032568165 -340.919628141
29.9174727642 -340.799223671
29.6296468216 -340.68378543
29.3398652819 -340.573348027
29.0482150249 -340.467944572
28.7547834905 -340.367606666
28.4596586525 -340.272364392
28.1629289927 -340.182246304
27.8646834738 -340.097279421
27.5650115131 -340.017489217
27.2640029555 -339.942899613
26.9617480465 -339.873532973
26.6583374055 -339.809410093
26.3538619984 -339.750550199
26.0484131101 -339.696970936
25.7420823176 -339.648688368
25.4349614621 -339.605716973
25.1271426218 -339.568069631
24.8187180843 -339.535757631
24.5097803183 -339.50879066
24.2004219469 -339.487176803
23.8907357191 -339.47092254
23.5808144822 -339.460032745
23.2707511539 -339.454510682
22.9606386945 -339.454358006
22.6505700792 -339.459574764
22.34063827 -339.470159392
22.0309361876 -339.486108716
21.7215566842 -339.507417954
21.4125925151 -339.534080717
21.1041363111 -339.566089013
20.7962805508 -339.603433243
20.4891175326 -339.646102213
20.1827393473 -339.69408313
19.8772378505 -339.747361608
19.5727046349 -339.805921674
19.2692310027 -339.86974577
18.9669079387 -339.938814763
18.6658260826 -340.013107943
18.3660757021 -340.092603039
18.0677466655 -340.177276214
17.7709284151 -340.267102085
17.4757099404 -340.362053719
17.1821797509 -340.46210265
16.8904258502 -340.567218882
16.6005357093 -340.677370899
16.3125962404 -340.792525678
16.026693771 -340.912648693
15.7429140176 -341.03770393
15.4613420605 -341.167653896
15.1820623181 -341.302459632
14.9051585214 -341.442080719
14.6307136893 -341.5864753
14.3588101032 -341.735600082
14.0895292828 -341.889410356
13.8229519614 -342.047860009
13.5591580619 -342.210901535
13.2982266724 -342.378486054
13.040236023 -342.55056332
12.7852634622 -342.727081744
12.5333854335 -342.907988403
12.2846774526 -343.09322906
12.039214085 -343.282748178
11.7970689231 -343.476488935
11.5583145648 -343.674393249
11.3230225911 -343.876401783
11.0912635453 -344.082453974
10.8631069111 -344.292488045
10.6351486894 -344.494651355
10.4034276545 -344.699375764
10.1919540886 -344.922097925
9.97598108533 -345.129072053
9.75775836315 -345.347294776
9.55528367247 -345.579015811
9.35154351499 -345.843076553
9.17645212018 -346.109316713
9.17655271885 -346.109098388
8.511513 -347.32231
8.511513 -347.32231
7.78251300001 -348.63431
7.78251300001 -348.63431
7.05151300004 -349.94331
7.05151300004 -349.94331
6.98151300004 -350.06931
6.25351300003 -351.38031
6.25351300003 -351.38031
5.522513 -352.68931
5.522513 -352.68931
5.50951300003 -352.71331
5.50951300003 -352.71331
4.78051300003 -354.02431
4.78051300003 -354.02431
4.136513 -355.18231
4.136513 -355.18231
3.69951300003 -355.96831
3.69951300003 -355.96831
2.97051300004 -357.27931
2.97051300004 -357.27931
2.441513 -358.23231
2.441513 -358.23231
2.00351300003 -359.02031
2.00351300003 -359.02031
1.27451300004 -360.33131
1.27451300004 -360.33131
0.746512999991 -361.28231
0.746512999991 -361.28231
0.511513000005 -361.72531
0.511512995232 -361.72531001
-1.20036601147 -364.788210259
-2.9641455391 -367.973812058
-4.5119520633 -370.799458853
-6.09575408808 -373.607107896
-7.60756511166 -376.342765939
-9.14637276053 -379.105420608
-10.2532344029 -381.103170889
-11.3690949203 -383.109920045
-12.4219633117 -385.026680451
-13.330849701 -386.673474601
-14.2667327155 -388.311269876
-15.0766314783 -389.787085399
-15.9225257415 -391.316894173
-16.786417755 -392.864700697
-17.6483867259 -394.402789105
-17.6483867258 -394.402789106
-17.973487 -394.99131
-18.544487 -396.02631
-18.544487 -396.02731
-18.800487 -396.48831
-19.057487 -396.95331
-19.785487 -398.26431
-20.168487 -398.95431
-20.341487 -399.26731
-20.464487 -399.48931
-20.637487 -399.80131
-21.365487 -401.11231
-21.573487 -401.48731
-21.663487 -401.65031
-21.870487 -402.02431
-21.907487 -402.09131
-22.151487 -402.53231
-22.880487 -403.84331
-22.898487 -403.87631
-23.178487 -404.38231
-23.281487 -404.56831
-23.479487 -404.92531
-23.582487 -405.11031
-24.310487 -406.42131
-24.692487 -407.11031
-24.995487 -407.65931
-25.724487 -408.97031
-25.994487 -409.45731
-26.263487 -409.94431
-26.299487 -410.00831
-26.567487 -410.49331
-27.296487 -411.80431
-27.721487 -412.57131
-27.743487 -412.61131
-27.744487 -412.61331
-28.124487 -413.27031
-28.124487002 -413.270309996
-28.669432378 -414.237029158
-29.2003660112 -415.199908798
-29.6278125804 -415.982810935
-30.0687574623 -416.765713072
-30.5456978448 -417.625105648
-31.0181387896 -418.488997661
-31.526575235 -419.411382363
-32.039511118 -420.34276594
-32.4669576872 -421.116669202
-32.8944042564 -421.886073026
-33.317351388 -422.650977413
-33.7402985196 -423.424880675
-34.2847304656 -424.410257503
-34.8224132551 -425.396759192
-35.3555966073 -426.354014534
-35.8865302406 -427.316894174
-36.3049779346 -428.077299123
-36.7256753473 -428.834329493
-37.0563840089 -429.427130395
-37.3893423891 -430.021056153
-37.7133018941 -430.614981913
-38.037261399 -431.205533093
-38.3657203419 -431.802833431
-38.6981162924 -432.401821057
-39.0991286658 -433.130167514
-39.5064869997 -433.86531
-39.506487 -433.86531
-39.625487 -434.08131
-39.870487 -434.52831
-40.114487 -434.97031
-40.198487 -435.12031
-40.922487 -436.40331
-41.148487 -436.80231
-41.160487 -436.82431
-41.475487 -437.38231
-41.686487 -437.75531
-42.059487 -438.41631
-42.417487 -439.05031
-42.696487 -439.54531
-42.987487 -440.06031
-42.987487 -440.06031
-43.102487 -440.26831
-43.102487 -440.26831
-43.831487 -441.57931
-43.831487 -441.57931
-44.002487 -441.88931
-44.002487 -441.88931
-44.117487 -442.09631
-44.117487 -442.09631
-44.307487 -442.44131
-44.307487 -442.44131
-44.377487 -442.56731
-44.377487 -442.56731
-44.556487 -442.88931
-44.556487 -442.88931
-45.285487 -444.20031
-45.285487 -444.20031
-45.549487 -444.67531
-45.549487 -444.67531
-45.693487 -444.93431
-45.693487 -444.93431
-45.972487 -445.43631
-45.972487 -445.43631
-46.701487 -446.74731
-46.701487 -446.74731
-46.866487 -447.04431
-46.866487 -447.04431
-47.146487 -447.54831
-47.146487 -447.54831
-47.276487 -447.78131
-47.276487 -447.78131
-47.568487 -448.30631
-47.568487 -448.30631
-48.297487 -449.61731
-48.297487 -449.61731
-48.458487 -449.90731
-48.458487 -449.90731
-48.629487 -450.21531
-48.629487 -450.21531
-48.948487 -450.78731
-48.948487 -450.78731
-49.677487 -452.09831
-49.677487 -452.09831
-49.807487 -452.33331
-49.807487 -452.33331
-50.119487 -452.89431
-50.119487 -452.89431
-50.139487 -452.93031
-50.139487 -452.93031
-50.868487 -454.24131
-50.868487 -454.24131
-51.318487 -455.05131
-51.318487 -455.05131
-51.340487 -455.09031
-51.340487 -455.09031
-51.754487 -455.83431
-51.754487 -455.83431
-51.777487 -455.87631
-51.777487 -455.87631
-52.506487 -457.18731
-52.506487 -457.18731
-52.738487 -457.60431
-52.738487 -457.60431
-52.759487 -457.64331
-52.759487 -457.64331
-52.994487 -458.06431
-52.994487 -458.06431
-53.013487 -458.09831
-53.013487 -458.09831
-53.426487 -458.84731
-53.426487 -458.84731
-53.869487 -459.64331
-53.869487 -459.64331
-53.874487 -459.65231
-53.874487 -459.65231
-54.599487 -460.96531
-54.599487 -460.96531
-55.108487 -461.88031
-55.108487 -461.88031
-55.234487 -462.10731
-55.234487 -462.10731
-55.373487 -462.35631
-55.373487 -462.35631
-55.419487 -462.43831
-55.419487 -462.43831
-56.144487 -463.75131
-56.144487 -463.75131
-56.408487 -464.22831
-56.408487 -464.22831
-56.628487 -464.62431
-56.628487 -464.62431
-56.691487 -464.73831
-56.691487 -464.73831
-56.956487 -465.21531
-56.956487 -465.21531
-57.681487 -466.52831
-57.681487 -466.52831
-57.953487 -467.01931
-57.953487 -467.01931
-57.963487 -467.03831
-57.963487 -467.03831
-58.451487 -467.91831
-58.451487 -467.91831
-59.176487 -469.23131
-59.176487 -469.23131
-59.254487 -469.37031
-59.254487 -469.37031
-59.678487 -470.13531
-59.678487 -470.13531
-59.729487 -470.22731
-59.729487 -470.22731
-59.892487 -470.52231
-59.892487 -470.52231
-60.621487 -471.83331
-60.621487 -471.83331
-60.937487 -472.40231
-60.937487 -472.40231
-61.302487 -473.06031
-61.302487 -473.06031
-61.437487 -473.30431
-61.437487 -473.30431
-62.166487 -474.61531
-62.166487 -474.61531
-62.638487 -475.46731
-62.638487 -475.46731
-62.765487 -475.69631
-62.765487 -475.69631
-63.494487 -477.00731
-63.494487 -477.00731
-63.799487 -477.55631
-63.799487 -477.55631
-63.866487 -477.67731
-63.866487 -477.67731
-64.165487 -478.21731
-64.165487 -478.21731
-64.339487 -478.53131
-64.339487 -478.53131
-65.068487 -479.84231
-65.068487 -479.84231
-65.199487 -480.07831
-65.199487 -480.07831
-65.565487 -480.73831
-65.565487 -480.73831
-65.702487 -480.98431
-65.702487 -480.98431
-65.788487 -481.14031
-65.788487 -481.14031
-66.517487 -482.45031
-66.517487 -482.45031
-66.776487 -482.91731
-66.776487 -482.91731
-66.920487 -483.17731
-66.920487 -483.17731
-67.234487 -483.74131
-67.234487 -483.74131
-67.255487 -483.77831
-67.781487 -484.72431
-67.802487 -484.76231
-67.984487 -485.08931
-68.135487 -485.36031
-68.317487 -485.68831
-68.317487 -485.68831
-68.430487 -485.89231
-68.430487 -485.89231
-68.722487 -486.41831
-68.722487 -486.41831
-69.269487 -487.40131
-69.436487 -487.70131
-69.451487 -487.72931
-69.539487 -487.88631
-69.618487 -488.02931
-69.721487 -488.21431
-69.721487 -488.21431
-70.037487 -488.78331
-70.037487 -488.78331
-70.096487 -488.89031
-70.096487 -488.89031
-70.649487 -489.88331
-70.825487 -490.20031
-70.859487 -490.26031
-71.035487 -490.57831
-71.174487 -490.82931
-71.351487 -491.14731
-71.351487 -491.14731
-71.352487 -491.14931
-71.352487 -491.14931
-71.820487 -491.99131
-71.910487 -492.15331
-72.378487 -492.99531
-72.379487 -492.99631
-72.549487 -493.30131
-72.550487 -493.30231
-72.550487 -493.30231
-72.813487 -493.77631
-72.813487 -493.77631
-73.077487 -494.25131
-73.077487 -494.25131
-73.631487 -495.25031
-73.631487 -495.25031
-74.071487 -496.04231
-74.071487 -496.04231
-74.640487 -497.06731
-74.799487 -497.35431
-75.148487 -497.98331
-75.307487 -498.26931
-75.307487 -498.26931
-75.746487 -499.05931
-75.746487 -499.05931
-76.369487 -500.19331
-76.369487 -500.19331
-76.624487 -500.65231
-76.624487 -500.65231
-76.879487 -501.11031
-76.879487 -501.11031
-77.410487 -502.07731
-77.601487 -502.42531
-77.666487 -502.54131
-77.858487 -502.88831
-77.858487 -502.88831
-78.058487 -503.24831
-78.058487 -503.24831
-78.437487 -503.93331
-78.437487 -503.93331
-79.019487 -504.99731
-79.019487 -504.99731
-79.214487 -505.34931
-79.214487 -505.34931
-79.586487 -506.02131
-79.586487 -506.02131
-80.162487 -507.07431
-80.306487 -507.33631
-80.498487 -507.68331
-80.643487 -507.94531
-80.643487 -507.94531
-80.796487 -508.21431
-80.796487 -508.21431
-81.023487 -508.60831
-81.023487 -508.60931
-81.522487 -509.48531
-81.522487 -509.48531
-82.271487 -510.78531
-82.271487 -510.78531
-82.634487 -511.42431
-82.634487 -511.42431
-82.650487 -511.45231
-82.650487 -511.45231
-82.856487 -511.79031
-82.856487 -511.79031
-83.314487 -512.55031
-83.314487 -512.55031
-84.093487 -513.83131
-84.093487 -513.83131
-84.407487 -514.35131
-84.407487 -514.35131
-84.425487 -514.37831
-84.425487 -514.37831
-84.739487 -514.86631
-84.739487 -514.86631
-85.138487 -515.48631
-85.138487 -515.48631
-85.974487 -516.71231
-85.974487 -516.71231
-86.124487 -516.92731
-86.124487 -516.92731
-86.176487 -517.00131
-86.176487 -517.00131
-86.630487 -517.65431
-86.630487 -517.65431
-86.990487 -518.17031
-87.274487 -518.57531
-87.635487 -519.09131
-87.687487 -519.16431
-87.851487 -519.39831
-87.903487 -519.47031
-87.903487 -519.47031
-88.228487 -519.92131
-88.228487 -519.92131
-88.583487 -520.38931
-88.583487 -520.38931
-88.694487 -520.54231
-88.694487 -520.54231
-90.646487 -522.81931
-91.158487 -523.41631
-93.163487 -525.62631
-93.466487 -525.96031
-95.433487 -527.92231
-97.734487 -529.84931
-98.698487 -530.65731
-101.436487 -532.16131
-104.174487 -533.36231
-106.429487 -534.23731
